# TStart[MJD] TEnd[MJD] Flux[ph/cm^2/s] Flux_error[ph/cm^22/s] TS
54682.65527 54685.65527 5.15647e-08 4.29430e-08 2.71012
54685.65527 54688.65527 2.24044e-08 3.22778e-08 0.99189
54688.65527 54691.65527 2.83164e-08 2.62964e-08 4.38347
54691.65527 54694.65527 2.10716e-08 3.04338e-08 0.73381
54694.65527 54697.65527 7.89563e-08 3.75281e-08 11.97850
54697.65527 54700.65527 5.52432e-08 3.51360e-08 6.11172
54700.65527 54703.65527 4.51712e-09 2.34441e-08 0.04084
54703.65527 54706.65527 1.08227e-08 2.81448e-08 0.17394
54706.65527 54709.65527 4.75519e-08 2.80341e-08 7.34044
54709.65527 54712.65527 2.02807e-11 9.40464e-14 -0.00045
54712.65527 54715.65527 2.02807e-11 2.64987e-13 -0.00192
54715.65527 54718.65527 2.71644e-08 2.68736e-08 1.41228
54718.65527 54721.65527 7.83733e-08 3.22467e-08 14.54170
54721.65527 54724.65527 1.81860e-07 4.19220e-08 53.06590
54724.65527 54727.65527 1.58657e-07 4.61947e-08 35.42910
54727.65527 54730.65527 4.06896e-08 3.63793e-08 1.68036
54730.65527 54733.65527 7.14518e-08 3.32129e-08 13.75320
54733.65527 54736.65527 5.39780e-08 4.10191e-08 3.24795
54736.65527 54739.65527 2.02807e-11 2.28037e-14 -0.00141
54739.65527 54742.65527 5.22888e-08 3.63126e-08 4.79800
54742.65527 54745.65527 6.79236e-08 4.15502e-08 4.41166
54745.65527 54748.65527 1.67556e-07 4.99456e-08 32.08190
54748.65527 54751.65527 3.58021e-08 3.87199e-08 1.44326
54751.65527 54754.65527 2.02807e-11 9.38887e-13 -0.00023
54754.65527 54757.65527 6.77705e-08 3.85768e-08 4.63619
54757.65527 54760.65527 4.55373e-08 2.80560e-08 5.32807
54760.65527 54763.65527 1.22936e-08 2.10708e-08 0.45832
54763.65527 54766.65527 1.64873e-08 2.46545e-08 0.58524
54766.65527 54769.65527 1.22614e-09 7.20529e-09 0.00860
54769.65527 54772.65527 1.24203e-08 1.56178e-08 1.24041
54772.65527 54775.65527 2.08539e-09 1.41858e-08 0.00439
54775.65527 54778.65527 2.02807e-11 2.62224e-14 -0.00276
54778.65527 54781.65527 6.27996e-08 3.31071e-08 9.15029
54781.65527 54784.65527 2.02807e-11 6.97561e-13 -0.00035
54784.65527 54787.65527 2.45324e-08 2.84766e-08 1.16146
54787.65527 54790.65527 6.65041e-09 2.38552e-08 0.06955
54790.65527 54793.65527 3.73382e-08 3.60648e-08 1.96282
54793.65527 54796.65527 6.84166e-08 3.73772e-08 8.08262
54796.65527 54799.65527 1.24120e-07 5.22314e-08 10.06180
54799.65527 54802.65527 7.13618e-08 3.89910e-08 7.03153
54802.65527 54805.65527 3.94048e-08 3.77204e-08 1.48822
54805.65527 54808.65527 7.81422e-09 4.31605e-08 0.03660
54808.65527 54811.65527 2.02807e-11 1.21238e-14 -0.00040
54811.65527 54814.65527 8.33111e-08 3.66376e-08 10.88610
54814.65527 54817.65527 5.34220e-08 2.95865e-08 6.08266
54817.65527 54820.65527 2.02807e-11 1.39932e-12 -0.00015
54820.65527 54823.65527 2.02807e-11 1.27822e-13 -0.00009
54823.65527 54826.65527 2.02807e-11 2.24184e-12 -0.00012
54826.65527 54829.65527 4.14129e-08 3.08312e-08 3.21089
54829.65527 54832.65527 2.02807e-11 3.02768e-14 -0.00128
54832.65527 54835.65527 3.59292e-08 3.23935e-08 1.85782
54835.65527 54838.65527 5.86052e-08 3.50140e-08 5.14296
54838.65527 54841.65527 7.00595e-08 4.61577e-08 3.39941
54841.65527 54844.65527 2.02807e-11 8.70593e-14 -0.00082
54844.65527 54847.65527 1.42491e-08 2.50068e-08 0.46686
54847.65527 54850.65527 5.71780e-08 3.24585e-08 7.69352
54850.65527 54853.65527 2.02807e-11 2.48916e-13 -0.00169
54853.65527 54856.65527 2.02807e-11 1.16472e-15 -0.00200
54856.65527 54859.65527 9.74897e-09 2.03600e-08 0.42851
54859.65527 54862.65527 2.02807e-11 4.33556e-14 -0.00054
54862.65527 54865.65527 3.31562e-08 3.13994e-08 2.61021
54865.65527 54868.65527 5.86465e-08 3.44090e-08 5.76429
54868.65527 54871.65527 9.41357e-09 2.90016e-08 0.11403
54871.65527 54874.65527 2.30052e-08 2.87453e-08 1.03338
54874.65527 54877.65527 9.61384e-08 3.64496e-08 18.69460
54877.65527 54880.65527 7.99556e-08 3.26267e-08 14.92760
54880.65527 54883.65527 7.37608e-08 3.18901e-08 10.77180
54883.65527 54886.65527 1.00178e-07 3.62269e-08 18.78060
54886.65527 54889.65527 9.37899e-08 4.36112e-08 8.01625
54889.65527 54892.65527 2.02807e-11 5.41249e-14 -0.00013
54892.65527 54895.65527 8.15426e-08 3.60314e-08 12.13270
54895.65527 54898.65527 6.51612e-08 4.50996e-08 3.31332
54898.65527 54901.65527 3.77557e-08 3.17364e-08 3.65301
54904.65527 54907.65527 5.49932e-08 6.21154e-08 1.31869
54907.65527 54910.65527 5.85441e-08 3.92181e-08 3.74165
54910.65527 54913.65527 9.24382e-08 3.90539e-08 18.45340
54913.65527 54916.65527 5.42316e-08 3.10186e-08 7.68154
54916.65527 54919.65527 6.30581e-08 3.42547e-08 5.75857
54919.65527 54922.65527 3.85385e-08 2.51401e-08 8.55079
54922.65527 54925.65527 8.86161e-09 1.73855e-08 0.36921
54925.65527 54928.65527 6.94162e-08 3.28074e-08 9.68154
54928.65527 54931.65527 1.38436e-08 3.07233e-08 0.23673
54931.65527 54934.65527 2.02807e-11 1.71623e-15 -0.00014
54934.65527 54937.65527 2.09447e-07 4.76220e-08 57.84200
54937.65527 54940.65527 3.75327e-07 5.75667e-08 139.37800
54940.65527 54943.65527 8.97215e-08 3.68700e-08 13.44210
54943.65527 54946.65527 1.84890e-07 4.57290e-08 45.29720
54946.65527 54949.65527 1.26622e-07 4.34342e-08 30.04850
54949.65527 54952.65527 6.36309e-08 3.60470e-08 9.61347
54952.65527 54955.65527 2.24347e-07 6.47252e-08 30.84050
54955.65527 54958.65527 1.53636e-07 5.67264e-08 16.71980
54958.65527 54961.65527 5.07058e-08 3.82955e-08 5.81721
54961.65527 54964.65527 6.68402e-08 3.63790e-08 6.93608
54964.65527 54967.65527 1.25370e-07 4.48278e-08 18.95900
54967.65527 54970.65527 1.06397e-07 4.34523e-08 12.24080
54970.65527 54973.65527 2.26380e-07 4.84180e-08 52.59010
54973.65527 54976.65527 2.07722e-07 4.56711e-08 56.56800
54976.65527 54979.65527 8.55489e-08 3.27742e-08 15.87540
54979.65527 54982.65527 1.40161e-07 3.74004e-08 36.01830
54982.65527 54985.65527 8.82399e-08 3.30031e-08 20.83540
54985.65527 54988.65527 1.10749e-07 3.58739e-08 25.61520
54988.65527 54991.65527 9.43987e-08 3.67622e-08 14.02930
54991.65527 54994.65527 9.39591e-08 3.57220e-08 16.76530
54994.65527 54997.65527 2.03821e-07 5.31452e-08 30.69930
54997.65527 55000.65527 1.89749e-07 4.78548e-08 56.16730
55000.65527 55003.65527 2.12308e-07 5.49330e-08 41.95280
55003.65527 55006.65527 7.46852e-08 4.21960e-08 6.38743
55006.65527 55009.65527 1.97715e-07 5.68323e-08 35.09170
55009.65527 55012.65527 1.47591e-07 5.26662e-08 17.49760
55012.65527 55015.65527 1.41792e-07 5.12611e-08 16.08350
55015.65527 55018.65527 2.47585e-07 5.87379e-08 44.88150
55018.65527 55021.65527 2.52317e-07 5.44766e-08 64.02150
55021.65527 55024.65527 1.77985e-07 4.67970e-08 39.78870
55024.65527 55027.65527 6.25626e-08 3.21227e-08 8.90012
55027.65527 55030.65527 9.25346e-09 2.97287e-08 0.08286
55030.65527 55033.65527 3.08019e-07 5.55749e-08 99.31300
55033.65527 55036.65527 2.91221e-07 5.54916e-08 76.88740
55036.65527 55039.65527 1.93629e-07 4.68152e-08 45.46910
55039.65527 55042.65527 1.61962e-07 4.27730e-08 42.38100
55042.65527 55045.65527 4.12091e-08 3.61170e-08 1.75567
55045.65527 55048.65527 7.77338e-08 3.52919e-08 11.15970
55048.65527 55051.65527 1.52177e-07 4.25259e-08 49.57230
55051.65527 55054.65527 3.45915e-07 6.45642e-08 73.29200
55054.65527 55057.65527 1.95594e-07 5.45634e-08 29.23300
55057.65527 55060.65527 1.54140e-07 5.23224e-08 28.87410
55060.65527 55063.65527 1.39840e-07 4.99519e-08 21.49900
55063.65527 55066.65527 6.90402e-08 3.99342e-08 10.21840
55066.65527 55069.65527 1.88902e-07 5.44490e-08 37.33730
55069.65527 55072.65527 1.96819e-07 5.38865e-08 32.62310
55072.65527 55075.65527 6.99010e-08 4.26637e-08 5.33707
55075.65527 55078.65527 1.47707e-07 5.20050e-08 16.32360
55078.65527 55081.65527 8.82309e-08 4.28668e-08 12.26630
55081.65527 55084.65527 1.32189e-07 5.51834e-08 13.06400
55084.65527 55087.65527 2.28431e-07 6.89480e-08 20.85650
55087.65527 55090.65527 9.22679e-08 5.11169e-08 5.30807
55090.65527 55093.65527 1.43700e-07 5.66809e-08 10.80250
55093.65527 55096.65527 4.23324e-07 7.86659e-08 85.88310
55096.65527 55099.65527 8.54040e-07 1.05217e-07 216.63000
55099.65527 55102.65527 8.28520e-07 1.02488e-07 226.82700
55102.65527 55105.65527 3.19121e-06 1.80498e-07 1506.12000
55105.65527 55108.65527 2.78235e-06 1.48760e-07 1667.28000
55108.65527 55111.65527 1.18546e-06 1.07153e-07 450.27200
55111.65527 55114.65527 8.63891e-07 9.41427e-08 327.37800
55114.65527 55117.65527 2.73115e-07 6.01400e-08 68.71760
55117.65527 55120.65527 2.52851e-07 5.75396e-08 61.88590
55120.65527 55123.65527 2.21929e-07 5.25935e-08 51.88320
55123.65527 55126.65527 3.67060e-07 6.84614e-08 72.96430
55126.65527 55129.65527 2.62534e-07 6.31199e-08 44.47590
55129.65527 55132.65527 2.21692e-07 6.26207e-08 32.38900
55132.65527 55135.65527 1.53508e-07 5.57565e-08 15.18610
55135.65527 55138.65527 2.98267e-07 6.69010e-08 62.83860
55138.65527 55141.65527 3.45954e-07 7.39779e-08 56.04200
55141.65527 55144.65527 2.97661e-07 6.46324e-08 65.59090
55144.65527 55147.65527 8.15161e-07 9.22601e-08 298.84300
55147.65527 55150.65527 6.55152e-07 9.52281e-08 123.99100
55150.65527 55153.65527 3.67096e-07 7.79208e-08 62.22920
55153.65527 55156.65527 4.49863e-07 7.69092e-08 98.63790
55156.65527 55159.65527 3.09806e-07 6.43354e-08 80.57860
55159.65527 55162.65527 9.80568e-07 9.87420e-08 379.68700
55162.65527 55165.65527 6.40621e-07 8.54103e-08 194.68900
55165.65527 55168.65527 6.58289e-07 8.20006e-08 256.43200
55168.65527 55171.65527 5.64354e-07 7.86396e-08 179.05800
55171.65527 55174.65527 5.57096e-07 7.48107e-08 198.18000
55174.65527 55177.65527 5.53503e-07 7.72825e-08 214.00600
55177.65527 55180.65527 2.34057e-06 1.39896e-07 1222.95000
55180.65527 55183.65527 1.18489e-06 1.08937e-07 404.37600
55183.65527 55186.65527 9.28235e-07 1.01444e-07 274.51200
55186.65527 55189.65527 7.36547e-07 9.49146e-08 200.06400
55189.65527 55192.65527 6.08238e-07 8.77131e-08 145.86500
55192.65527 55195.65527 2.22548e-07 6.00499e-08 37.86030
55195.65527 55198.65527 8.06912e-07 9.43021e-08 279.07800
55198.65527 55201.65527 1.67616e-06 1.29043e-07 591.04400
55201.65527 55204.65527 6.56746e-07 8.96918e-08 156.67200
55204.65527 55207.65527 2.79425e-07 6.93001e-08 40.02720
55207.65527 55210.65527 4.32707e-07 7.22050e-08 121.59700
55210.65527 55213.65527 4.96915e-07 7.80897e-08 120.91100
55213.65527 55216.65527 3.79596e-07 6.65682e-08 97.31800
55216.65527 55219.65527 4.54299e-07 7.34428e-08 120.21400
55219.65527 55222.65527 3.23309e-07 6.37652e-08 77.91440
55222.65527 55225.65527 3.65527e-07 6.33241e-08 124.36900
55225.65527 55228.65527 3.06961e-07 6.23021e-08 68.04410
55228.65527 55231.65527 2.51007e-07 5.82168e-08 41.90260
55231.65527 55234.65527 2.49987e-06 1.46415e-07 1321.87000
55234.65527 55237.65527 3.48229e-06 1.74891e-07 1768.51000
55237.65527 55240.65527 1.49890e-06 1.21449e-07 609.55300
55240.65527 55243.65527 1.14356e-06 1.09796e-07 403.49200
55243.65527 55246.65527 7.95003e-07 9.36035e-08 271.76200
55246.65527 55249.65527 8.52791e-07 9.63094e-08 272.44800
55249.65527 55252.65527 5.82042e-07 8.62556e-08 153.19800
55252.65527 55255.65527 7.73227e-07 9.31003e-08 240.35100
55255.65527 55258.65527 4.83559e-07 7.89140e-08 121.67400
55258.65527 55261.65527 5.09838e-07 8.03228e-08 107.92500
55261.65527 55264.65527 2.69737e-07 6.50238e-08 40.64610
55264.65527 55267.65527 3.21738e-07 6.66351e-08 67.96880
55267.65527 55270.65527 3.86626e-07 6.52680e-08 117.48200
55270.65527 55273.65527 7.77193e-07 9.01720e-08 282.10600
55273.65527 55276.65527 1.07998e-06 9.95707e-08 483.85400
55276.65527 55279.65527 5.73161e-07 7.92152e-08 168.06000
55279.65527 55282.65527 4.61982e-07 7.38456e-08 100.71400
55282.65527 55285.65527 5.14187e-07 7.61737e-08 129.28700
55285.65527 55288.65527 6.03358e-07 8.57941e-08 162.10500
55288.65527 55291.65527 4.16660e-07 7.21094e-08 129.38000
55291.65527 55294.65527 7.60467e-07 1.24907e-07 128.67200
55294.65527 55297.65527 7.63944e-07 9.50049e-08 216.55400
55297.65527 55300.65527 1.44776e-06 1.08663e-07 711.32100
55300.65527 55303.65527 1.38017e-06 1.17547e-07 494.14000
55303.65527 55306.65527 1.79961e-06 1.29531e-07 754.03200
55306.65527 55309.65527 1.73006e-06 1.23115e-07 790.76700
55309.65527 55312.65527 5.95928e-06 2.09971e-07 3854.70000
55312.65527 55315.65527 3.75538e-06 1.68094e-07 2367.38000
55315.65527 55318.65527 6.12110e-06 2.03841e-07 4774.13000
55318.65527 55321.65527 1.65630e-06 1.14241e-07 963.17300
55321.65527 55324.65527 1.85621e-06 1.27921e-07 878.94900
55324.65527 55327.65527 2.95984e-06 1.58947e-07 1488.73000
55327.65527 55330.65527 1.77507e-06 1.28288e-07 834.70400
55330.65527 55333.65527 1.22668e-06 1.10706e-07 498.29500
55333.65527 55336.65527 1.70542e-06 1.22228e-07 790.46100
55336.65527 55339.65527 1.35858e-06 1.15207e-07 524.85100
55339.65527 55342.65527 5.27717e-06 1.90937e-07 3892.64000
55342.65527 55345.65527 2.65061e-06 1.50474e-07 1418.24000
55345.65527 55348.65527 2.35032e-06 1.44167e-07 1045.02000
55348.65527 55351.65527 1.27483e-06 1.08491e-07 512.11500
55351.65527 55354.65527 1.04318e-06 9.97018e-08 368.52200
55354.65527 55357.65527 1.57866e-06 1.17060e-07 719.26000
55357.65527 55360.65527 4.05185e-06 1.76214e-07 2182.22000
55360.65527 55363.65527 2.40301e-06 1.42224e-07 1077.29000
55363.65527 55366.65527 8.40295e-06 2.53946e-07 6069.61000
55366.65527 55369.65527 5.29144e-06 1.97460e-07 3546.54000
55369.65527 55372.65527 2.16803e-06 1.34532e-07 1046.32000
55372.65527 55375.65527 2.82154e-06 1.49626e-07 1476.34000
55375.65527 55378.65527 4.49502e-06 1.88078e-07 2850.93000
55378.65527 55381.65527 3.15952e-06 1.60260e-07 1780.55000
55381.65527 55384.65527 1.97310e-06 1.33465e-07 886.19800
55384.65527 55387.65527 3.41525e-06 1.63531e-07 2154.95000
55387.65527 55390.65527 2.61509e-06 1.43185e-07 1539.25000
55390.65527 55393.65527 1.62667e-06 1.16605e-07 755.04400
55393.65527 55396.65527 8.82451e-07 9.38363e-08 300.84700
55396.65527 55399.65527 9.01008e-07 9.53205e-08 317.60000
55399.65527 55402.65527 8.08158e-07 9.61228e-08 222.07500
55402.65527 55405.65527 8.51294e-07 9.73019e-08 251.28000
55405.65527 55408.65527 8.62115e-07 9.43677e-08 266.54500
55408.65527 55411.65527 7.82389e-07 9.19343e-08 241.30900
55411.65527 55414.65527 1.08053e-06 1.06441e-07 328.09700
55414.65527 55417.65527 9.27426e-07 1.00109e-07 260.39100
55417.65527 55420.65527 7.11809e-07 9.22161e-08 213.50700
55420.65527 55423.65527 8.41148e-07 9.44155e-08 245.83000
55423.65527 55426.65527 7.22375e-07 8.99647e-08 225.80100
55426.65527 55429.65527 7.68081e-07 8.73933e-08 297.24100
55429.65527 55432.65527 7.44912e-07 8.97616e-08 234.58100
55432.65527 55435.65527 6.59770e-07 9.00185e-08 194.20700
55435.65527 55438.65527 1.11382e-06 1.09240e-07 388.37700
55438.65527 55441.65527 1.29454e-06 1.10822e-07 524.13500
55441.65527 55444.65527 1.24057e-06 1.10584e-07 480.77200
55444.65527 55447.65527 8.94569e-07 9.66735e-08 328.12100
55447.65527 55450.65527 6.74390e-07 9.23721e-08 158.58000
55450.65527 55453.65527 8.84662e-07 9.88191e-08 253.06400
55453.65527 55456.65527 8.70944e-07 1.00880e-07 251.05700
55456.65527 55459.65527 6.64152e-07 8.83619e-08 209.69900
55459.65527 55462.65527 9.27653e-07 1.04909e-07 285.25000
55462.65527 55465.65527 9.05536e-07 1.63459e-07 114.20900
55465.65527 55468.65527 5.75726e-07 1.00482e-07 86.57140
55468.65527 55471.65527 7.31467e-07 9.38106e-08 234.32200
55471.65527 55474.65527 4.12220e-07 7.67621e-08 90.02690
55474.65527 55477.65527 7.65938e-07 9.64445e-08 191.86600
55477.65527 55480.65527 1.47921e-06 1.21028e-07 575.87200
55480.65527 55483.65527 1.94382e-06 1.40326e-07 778.81000
55483.65527 55486.65527 2.56624e-06 1.48028e-07 1275.19000
55486.65527 55489.65527 1.15145e-06 1.06485e-07 380.52200
55489.65527 55492.65527 8.47754e-07 9.70874e-08 260.69300
55492.65527 55495.65527 1.05014e-06 1.04451e-07 366.23500
55495.65527 55498.65527 9.61288e-07 9.59991e-08 364.87100
55498.65527 55501.65527 6.83344e-07 8.76672e-08 198.07900
55501.65527 55504.65527 4.49310e-07 7.68954e-08 99.51610
55504.65527 55507.65527 7.90398e-07 9.91397e-08 238.27700
55507.65527 55510.65527 3.23461e-07 7.18701e-08 43.24680
55510.65527 55513.65527 4.24764e-07 7.82057e-08 70.09710
55513.65527 55516.65527 5.15137e-07 8.01541e-08 124.81300
55516.65527 55519.65527 5.38944e-07 8.21875e-08 156.15900
55519.65527 55522.65527 8.82705e-07 1.00963e-07 254.34000
55522.65527 55525.65527 8.86245e-07 1.02488e-07 235.18200
55525.65527 55528.65527 7.40498e-07 9.39437e-08 195.87400
55528.65527 55531.65527 6.00334e-07 8.48166e-08 160.19100
55531.65527 55534.65527 1.47634e-06 1.19276e-07 572.47500
55534.65527 55537.65527 1.23615e-06 1.09243e-07 473.88400
55537.65527 55540.65527 7.84526e-07 8.90255e-08 295.85600
55540.65527 55543.65527 9.55177e-07 9.73542e-08 344.71800
55543.65527 55546.65527 1.60820e-06 1.19840e-07 791.52700
55546.65527 55549.65527 1.03284e-06 9.98542e-08 385.67900
55549.65527 55552.65527 4.87528e-07 7.61144e-08 108.52300
55552.65527 55555.65527 6.13648e-07 8.27471e-08 180.40600
55555.65527 55558.65527 8.97128e-07 1.00733e-07 311.98300
55558.65527 55561.65527 7.77299e-07 1.04503e-07 205.01600
55561.65527 55564.65527 7.03790e-07 9.41365e-08 171.65700
55564.65527 55567.65527 6.50492e-07 8.67355e-08 229.09700
55567.65527 55570.65527 8.75537e-07 1.01001e-07 261.66800
55570.65527 55573.65527 6.05052e-07 8.54984e-08 147.64400
55573.65527 55576.65527 3.10672e-07 7.37172e-08 42.69130
55576.65527 55579.65527 5.74405e-07 8.86538e-08 121.60100
55579.65527 55582.65527 5.64989e-07 8.53849e-08 140.49200
55582.65527 55585.65527 6.21977e-07 8.47142e-08 156.76000
55585.65527 55588.65527 4.66513e-07 7.71869e-08 120.80900
55588.65527 55591.65527 3.43064e-07 6.55461e-08 73.66420
55591.65527 55594.65527 6.44955e-07 8.12418e-08 215.38700
55594.65527 55597.65527 3.50769e-07 6.76246e-08 71.97790
55597.65527 55600.65527 2.01063e-07 5.32703e-08 45.03190
55600.65527 55603.65527 2.15585e-07 5.66522e-08 38.14810
55603.65527 55606.65527 7.76860e-07 9.06572e-08 287.24100
55606.65527 55609.65527 9.71806e-07 9.69473e-08 397.53200
55609.65527 55612.65527 7.60029e-07 9.14316e-08 255.03500
55612.65527 55615.65527 4.99847e-07 7.94177e-08 131.18800
55615.65527 55618.65527 7.82148e-07 9.82140e-08 210.44500
55618.65527 55621.65527 5.76322e-07 8.10941e-08 152.42600
55621.65527 55624.65527 5.67296e-07 8.64413e-08 127.38500
55624.65527 55627.65527 7.00229e-07 9.05510e-08 195.84800
55627.65527 55630.65527 1.05190e-06 1.06285e-07 368.45800
55630.65527 55633.65527 7.55746e-07 9.72420e-08 192.26500
55633.65527 55636.65527 5.88711e-07 8.38093e-08 149.65700
55636.65527 55639.65527 5.55068e-07 8.13013e-08 127.92900
55639.65527 55642.65527 2.10926e-07 5.47732e-08 38.70320
55642.65527 55645.65527 3.16213e-07 6.77811e-08 63.64860
55645.65527 55648.65527 3.42772e-07 7.14436e-08 68.10880
55648.65527 55651.65527 3.09492e-07 6.25627e-08 62.32600
55651.65527 55654.65527 1.40124e-07 4.76571e-08 21.52770
55654.65527 55657.65527 1.49965e-07 4.44646e-08 30.90580
55657.65527 55660.65527 2.39136e-07 6.01137e-08 40.48340
55660.65527 55663.65527 2.34521e-07 5.65516e-08 40.79860
55663.65527 55666.65527 1.93237e-07 8.12332e-08 17.37720
55666.65527 55669.65527 1.26018e-07 9.05641e-08 3.08150
55669.65527 55672.65527 2.40313e-07 7.79337e-08 22.89260
55672.65527 55675.65527 2.11274e-07 6.00496e-08 30.16220
55675.65527 55678.65527 7.54699e-08 4.75179e-08 4.97277
55678.65527 55681.65527 5.47072e-08 4.61162e-08 2.13515
55681.65527 55684.65527 1.02799e-07 5.11000e-08 6.16596
55684.65527 55687.65527 2.88091e-07 6.42074e-08 48.64800
55687.65527 55690.65527 2.60670e-07 6.74359e-08 36.90260
55690.65527 55693.65527 1.09832e-07 4.59911e-08 15.39710
55693.65527 55696.65527 1.51486e-07 5.09892e-08 21.46930
55696.65527 55699.65527 1.70196e-07 4.91823e-08 31.65090
55699.65527 55702.65527 3.33519e-07 6.20042e-08 86.43550
55702.65527 55705.65527 8.26741e-07 9.34141e-08 298.06700
55705.65527 55708.65527 3.29182e-07 6.10329e-08 97.95120
55708.65527 55711.65527 3.92186e-07 6.88737e-08 85.57300
55711.65527 55714.65527 2.47419e-07 5.83151e-08 47.04910
55714.65527 55717.65527 3.06600e-07 6.54876e-08 71.72170
55717.65527 55720.65527 5.27702e-07 8.30758e-08 127.58500
55720.65527 55723.65527 3.94772e-07 7.25668e-08 97.32770
55723.65527 55726.65527 2.63233e-07 6.62723e-08 47.45070
55726.65527 55729.65527 1.56231e-07 5.25341e-08 26.60810
55729.65527 55732.65527 1.40194e-07 5.83576e-08 9.52123
55732.65527 55735.65527 1.04550e-07 5.29864e-08 6.44979
55735.65527 55738.65527 5.20042e-08 3.46157e-08 4.19995
55738.65527 55741.65527 2.02807e-11 4.08448e-14 -0.00044
55741.65527 55744.65527 7.89400e-08 4.26990e-08 5.84528
55744.65527 55747.65527 7.23656e-08 3.78784e-08 6.59959
55747.65527 55750.65527 2.80066e-07 5.85313e-08 74.35860
55750.65527 55753.65527 2.61959e-07 5.79597e-08 56.13810
55753.65527 55756.65527 1.79284e-07 5.48333e-08 24.22190
55756.65527 55759.65527 1.23792e-07 4.77879e-08 12.86290
55759.65527 55762.65527 2.00335e-07 5.48813e-08 37.46460
55762.65527 55765.65527 1.50082e-07 5.06130e-08 18.48020
55765.65527 55768.65527 2.06485e-07 5.58761e-08 36.22750
55768.65527 55771.65527 1.34554e-07 5.10010e-08 13.17280
55771.65527 55774.65527 1.03380e-07 4.84990e-08 9.12843
55774.65527 55777.65527 2.46628e-07 6.48889e-08 41.90670
55777.65527 55780.65527 9.49856e-07 1.02076e-07 315.44700
55780.65527 55783.65527 5.67241e-07 8.49522e-08 138.49300
55783.65527 55786.65527 3.54007e-07 7.27444e-08 74.65040
55786.65527 55789.65527 1.71566e-07 5.56728e-08 26.05950
55789.65527 55792.65527 3.84720e-08 4.50752e-08 1.18826
55792.65527 55795.65527 3.68419e-08 3.91704e-08 1.23519
55795.65527 55798.65527 1.08559e-07 5.37064e-08 7.35659
55798.65527 55801.65527 1.41169e-07 4.55461e-08 35.03880
55801.65527 55804.65527 1.15007e-07 5.00316e-08 9.03423
55804.65527 55807.65527 5.02940e-08 4.01156e-08 3.01419
55807.65527 55810.65527 1.01032e-07 4.60449e-08 16.95580
55810.65527 55813.65527 5.46548e-08 2.68803e-08 9.38552
55813.65527 55816.65527 5.72811e-08 2.68141e-08 8.98851
55816.65527 55819.65527 4.56394e-08 3.48147e-08 4.15800
55819.65527 55822.65527 1.38808e-08 4.09507e-08 0.13010
55822.65527 55825.65527 2.52647e-07 6.75225e-08 42.04690
55825.65527 55828.65527 1.70332e-07 6.20159e-08 14.61250
55828.65527 55831.65527 2.04226e-08 4.37413e-08 0.25353
55831.65527 55834.65527 1.42069e-07 5.55313e-08 13.46840
55834.65527 55837.65527 1.10010e-07 5.10020e-08 11.76430
55837.65527 55840.65527 1.40832e-07 5.48241e-08 14.86650
55840.65527 55843.65527 2.17793e-07 5.85643e-08 32.83240
55843.65527 55846.65527 9.85611e-08 4.54906e-08 8.01204
55846.65527 55849.65527 2.16891e-07 5.53335e-08 40.68250
55849.65527 55852.65527 8.12442e-08 4.16942e-08 8.47780
55852.65527 55855.65527 1.02154e-07 4.60504e-08 12.95800
55855.65527 55858.65527 1.02692e-07 4.31266e-08 12.64720
55858.65527 55861.65527 1.18228e-07 4.89971e-08 11.64570
55861.65527 55864.65527 3.72698e-08 3.42961e-08 2.15976
55864.65527 55867.65527 6.53333e-08 3.76377e-08 6.02425
55867.65527 55870.65527 9.02823e-08 4.19210e-08 9.58128
55870.65527 55873.65527 1.40525e-07 4.85230e-08 19.88220
55873.65527 55876.65527 5.01914e-08 3.70787e-08 3.47321
55876.65527 55879.65527 1.47175e-08 3.12003e-08 0.34781
55879.65527 55882.65527 1.18933e-07 4.54839e-08 16.45370
55882.65527 55885.65527 5.41995e-08 4.39215e-08 2.53983
55885.65527 55888.65527 2.20626e-08 3.23256e-08 0.72172
55888.65527 55891.65527 5.24946e-08 3.24888e-08 6.72964
55891.65527 55894.65527 1.80544e-07 4.95952e-08 47.34160
55894.65527 55897.65527 1.62081e-07 4.68097e-08 31.80020
55897.65527 55900.65527 1.13165e-07 4.32211e-08 17.11040
55900.65527 55903.65527 1.22307e-07 4.51352e-08 15.86210
55903.65527 55906.65527 7.39757e-08 4.30947e-08 4.91006
55906.65527 55909.65527 2.72599e-08 3.01921e-08 1.41505
55909.65527 55912.65527 6.12079e-08 4.47492e-08 2.51087
55912.65527 55915.65527 1.69827e-07 4.83512e-08 42.64950
55915.65527 55918.65527 3.97930e-08 3.33071e-08 2.86968
55918.65527 55921.65527 5.62009e-08 3.73874e-08 3.77182
55921.65527 55924.65527 1.41310e-07 4.99124e-08 16.71780
55924.65527 55927.65527 1.69986e-07 5.14031e-08 26.27820
55927.65527 55930.65527 1.70030e-07 4.89729e-08 28.43680
55930.65527 55933.65527 1.85418e-07 5.16241e-08 35.49500
55933.65527 55936.65527 1.36652e-07 4.94608e-08 18.30550
55936.65527 55939.65527 1.11779e-07 4.26990e-08 17.61490
55939.65527 55942.65527 1.20412e-07 5.14487e-08 10.88600
55942.65527 55945.65527 4.02003e-08 3.90364e-08 1.42290
55945.65527 55948.65527 8.87153e-08 3.75902e-08 16.31770
55948.65527 55951.65527 3.00521e-08 3.28484e-08 1.19985
55951.65527 55954.65527 2.11838e-08 4.17860e-08 0.29670
55954.65527 55957.65527 1.12749e-07 4.31299e-08 20.70430
55957.65527 55960.65527 2.02807e-11 3.31797e-13 -0.00065
55960.65527 55963.65527 3.20463e-08 2.84699e-08 2.43004
55963.65527 55966.65527 1.05025e-07 4.25293e-08 12.71370
55966.65527 55969.65527 6.15330e-08 4.62663e-08 3.00953
55969.65527 55972.65527 6.78059e-08 3.57738e-08 7.38181
55972.65527 55975.65527 2.34971e-07 5.98589e-08 44.31030
55975.65527 55978.65527 1.85043e-07 5.13478e-08 36.21720
55978.65527 55981.65527 1.74293e-07 5.93660e-08 20.53010
55981.65527 55984.65527 1.61186e-07 5.19592e-08 32.62360
55984.65527 55987.65527 2.16856e-07 5.68590e-08 34.85950
55987.65527 55990.65527 2.35007e-07 6.33625e-08 38.05670
55990.65527 55993.65527 2.00551e-07 5.82647e-08 27.04300
55993.65527 55996.65527 1.33725e-07 5.80124e-08 12.12620
55996.65527 55999.65527 1.15884e-07 5.46768e-08 8.36615
55999.65527 56002.65527 1.25774e-07 5.12929e-08 13.93740
56002.65527 56005.65527 9.46724e-08 5.57221e-08 5.19654
56005.65527 56008.65527 8.76252e-08 4.43809e-08 7.18758
56008.65527 56011.65527 1.28722e-07 5.26296e-08 12.41290
56011.65527 56014.65527 1.55207e-07 5.73448e-08 16.36840
56014.65527 56017.65527 2.25093e-07 5.84495e-08 45.54640
56017.65527 56020.65527 1.00544e-07 4.10213e-08 13.61890
56020.65527 56023.65527 1.19885e-07 4.67486e-08 16.96130
56023.65527 56026.65527 1.44885e-07 4.57565e-08 28.09770
56026.65527 56029.65527 1.11724e-07 4.73329e-08 11.16190
56029.65527 56032.65527 9.02736e-08 4.02835e-08 14.58710
56032.65527 56035.65527 2.37546e-07 6.01864e-08 53.15960
56035.65527 56038.65527 3.28189e-07 7.09554e-08 59.93430
56038.65527 56041.65527 2.83993e-07 6.71185e-08 45.55250
56041.65527 56044.65527 1.53763e-07 5.64904e-08 12.85860
56044.65527 56047.65527 1.16777e-07 4.77843e-08 15.80930
56047.65527 56050.65527 2.60749e-07 6.06946e-08 55.87190
56050.65527 56053.65527 4.35066e-07 7.61756e-08 84.79770
56053.65527 56056.65527 2.39098e-07 6.87477e-08 27.99510
56056.65527 56059.65527 3.44068e-07 6.85277e-08 94.28300
56059.65527 56062.65527 3.46249e-07 7.14418e-08 72.69710
56062.65527 56065.65527 3.43041e-07 6.65279e-08 76.24510
56065.65527 56068.65527 2.33952e-07 5.65007e-08 50.85950
56068.65527 56071.65527 2.95160e-07 6.09407e-08 77.70850
56071.65527 56074.65527 2.75986e-07 6.54131e-08 39.86030
56074.65527 56077.65527 2.71280e-07 5.93218e-08 67.63990
56077.65527 56080.65527 2.90680e-07 6.24646e-08 62.41550
56080.65527 56083.65527 2.35930e-07 5.56371e-08 48.16940
56083.65527 56086.65527 2.35278e-07 5.85997e-08 39.65730
56086.65527 56089.65527 1.37804e-07 4.97406e-08 16.59420
56089.65527 56092.65527 9.56893e-08 4.93390e-08 9.28865
56092.65527 56095.65527 1.14784e-07 4.84553e-08 12.76700
56095.65527 56098.65527 3.21919e-07 6.98951e-08 60.12790
56098.65527 56101.65527 1.59511e-07 5.36625e-08 26.93960
56101.65527 56104.65527 3.11974e-07 6.32130e-08 73.19960
56104.65527 56107.65527 2.42389e-07 6.21711e-08 45.66730
56107.65527 56110.65527 3.43469e-07 7.28602e-08 64.76760
56110.65527 56113.65527 1.67954e-07 6.17270e-08 15.28920
56113.65527 56116.65527 2.38723e-07 1.10613e-07 19.84950
56116.65527 56119.65527 2.90367e-07 6.44108e-08 53.87450
56119.65527 56122.65527 2.94744e-07 6.15710e-08 66.86400
56122.65527 56125.65527 2.30507e-07 5.62020e-08 50.17750
56125.65527 56128.65527 2.03466e-07 5.28566e-08 39.21210
56128.65527 56131.65527 2.17684e-07 5.44077e-08 46.91050
56131.65527 56134.65527 3.55623e-07 6.55787e-08 94.00650
56134.65527 56137.65527 2.50406e-07 5.44771e-08 78.59130
56137.65527 56140.65527 3.42547e-07 6.88332e-08 75.30580
56140.65527 56143.65527 3.33224e-07 6.66350e-08 87.65200
56143.65527 56146.65527 3.05673e-07 6.54519e-08 69.81810
56146.65527 56149.65527 2.12812e-07 6.22652e-08 26.56020
56149.65527 56152.65527 3.02421e-07 6.53107e-08 65.63460
56152.65527 56155.65527 2.98508e-07 6.64884e-08 70.56740
56155.65527 56158.65527 3.15786e-07 6.44927e-08 86.30720
56158.65527 56161.65527 2.84977e-07 6.77894e-08 37.65890
56161.65527 56164.65527 3.36361e-07 7.05550e-08 72.32910
56164.65527 56167.65527 2.15411e-07 5.87971e-08 43.52660
56167.65527 56170.65527 2.33445e-07 6.06086e-08 49.91890
56170.65527 56173.65527 1.98729e-07 5.63025e-08 30.35500
56173.65527 56176.65527 2.14953e-07 5.53819e-08 40.91790
56176.65527 56179.65527 2.79592e-07 6.51822e-08 47.08750
56179.65527 56182.65527 2.45600e-07 5.41358e-08 50.96630
56182.65527 56185.65527 1.62357e-07 5.15101e-08 23.80740
56185.65527 56188.65527 2.69407e-07 6.08852e-08 45.26340
56188.65527 56191.65527 1.88044e-07 5.60124e-08 23.41060
56191.65527 56194.65527 1.75934e-07 6.05440e-08 17.79030
56194.65527 56197.65527 2.62558e-07 7.94638e-08 27.51020
56197.65527 56200.65527 2.60191e-07 1.34135e-07 6.16859
56200.65527 56203.65527 3.84584e-07 8.16251e-08 60.77590
56203.65527 56206.65527 2.72975e-07 7.15474e-08 31.60040
56206.65527 56209.65527 1.54680e-07 5.34483e-08 21.78560
56209.65527 56212.65527 1.23119e-07 5.56593e-08 8.61526
56212.65527 56215.65527 8.79439e-08 4.27167e-08 11.34650
56215.65527 56218.65527 1.48626e-07 5.11974e-08 19.27890
56218.65527 56221.65527 2.00215e-07 5.36823e-08 33.17920
56221.65527 56224.65527 1.97501e-07 5.14880e-08 38.08450
56224.65527 56227.65527 1.20052e-07 4.74157e-08 12.36320
56227.65527 56230.65527 8.23198e-08 3.49670e-08 15.29860
56230.65527 56233.65527 3.83812e-07 6.82037e-08 85.98290
56233.65527 56236.65527 4.96871e-07 7.60310e-08 135.53800
56236.65527 56239.65527 5.98648e-07 8.20338e-08 182.30600
56239.65527 56242.65527 3.61397e-07 6.64591e-08 87.76440
56242.65527 56245.65527 2.47176e-07 6.28696e-08 34.25790
56245.65527 56248.65527 2.02697e-07 5.85623e-08 29.91740
56248.65527 56251.65527 2.19166e-07 5.58365e-08 48.18330
56251.65527 56254.65527 2.96704e-07 6.77299e-08 55.21190
56254.65527 56257.65527 6.23199e-07 8.20871e-08 168.02900
56257.65527 56260.65527 3.33342e-07 6.51422e-08 79.18740
56260.65527 56263.65527 2.52604e-07 5.68483e-08 57.10290
56263.65527 56266.65527 2.94629e-07 6.06863e-08 59.96790
56266.65527 56269.65527 2.30379e-07 5.85590e-08 36.25480
56269.65527 56272.65527 5.02052e-07 7.05250e-08 156.87400
56272.65527 56275.65527 2.85503e-07 6.03796e-08 71.89840
56275.65527 56278.65527 1.20613e-07 4.53564e-08 13.15110
56278.65527 56281.65527 9.69407e-08 4.73513e-08 13.60010
56281.65527 56284.65527 8.72892e-08 3.81129e-08 12.46690
56284.65527 56287.65527 1.92347e-07 5.22950e-08 35.55560
56287.65527 56290.65527 2.87931e-07 5.83111e-08 80.29330
56290.65527 56293.65527 8.12360e-08 4.01651e-08 10.90150
56293.65527 56296.65527 2.84812e-07 6.19011e-08 59.34400
56296.65527 56299.65527 4.92478e-07 7.10651e-08 138.26000
56299.65527 56302.65527 2.60062e-07 5.72666e-08 54.44580
56302.65527 56305.65527 2.17310e-07 5.21568e-08 49.72080
56305.65527 56308.65527 1.19751e-07 4.31898e-08 23.51030
56308.65527 56311.65527 3.01052e-07 6.26256e-08 63.80180
56311.65527 56314.65527 2.36365e-07 5.82407e-08 43.85710
56314.65527 56317.65527 9.16619e-08 4.88988e-08 6.14723
56317.65527 56320.65527 1.73230e-07 5.07646e-08 30.55830
56320.65527 56323.65527 2.74173e-07 6.54575e-08 48.07220
56323.65527 56326.65527 1.51644e-07 4.84739e-08 21.75300
56326.65527 56329.65527 1.87135e-07 5.77260e-08 24.78700
56329.65527 56332.65527 2.00685e-07 5.93207e-08 26.79310
56332.65527 56335.65527 8.41684e-08 4.50439e-08 6.19685
56335.65527 56338.65527 1.33428e-07 5.13498e-08 13.42680
56338.65527 56341.65527 1.05979e-07 4.63292e-08 12.84440
56341.65527 56344.65527 1.19725e-07 5.11688e-08 10.04740
56344.65527 56347.65527 2.02807e-11 8.52900e-15 -0.00064
56347.65527 56350.65527 1.74814e-07 5.12593e-08 24.46310
56350.65527 56353.65527 1.50200e-07 5.20427e-08 15.84900
56353.65527 56356.65527 2.26475e-07 6.16221e-08 38.59450
56356.65527 56359.65527 2.06353e-07 7.99861e-08 15.80820
56359.65527 56362.65527 2.02807e-11 4.34125e-15 -0.00039
56362.65527 56365.65527 3.29564e-08 4.50299e-08 0.78470
56365.65527 56368.65527 1.00141e-07 4.91956e-08 7.00975
56368.65527 56371.65527 1.24855e-07 5.49075e-08 7.98468
56371.65527 56374.65527 1.80136e-07 5.72893e-08 23.90780
56374.65527 56377.65527 2.02807e-11 3.78261e-14 -0.00051
56377.65527 56380.65527 1.33962e-07 5.28292e-08 15.86010
56380.65527 56383.65527 2.83638e-07 6.77245e-08 40.37540
56383.65527 56386.65527 2.15258e-07 5.59425e-08 36.11170
56386.65527 56389.65527 5.97070e-08 3.79798e-08 7.59051
56389.65527 56392.65527 2.91583e-08 3.99293e-08 0.69662
56392.65527 56395.65527 9.28180e-08 4.33573e-08 8.61461
56395.65527 56398.65527 1.38241e-07 4.20786e-08 29.14000
56398.65527 56401.65527 1.10191e-07 4.42558e-08 13.57830
56401.65527 56404.65527 1.12523e-07 4.91213e-08 9.10287
56404.65527 56407.65527 1.07122e-07 4.34775e-08 13.62810
56407.65527 56410.65527 8.46442e-08 4.28094e-08 9.96007
56410.65527 56413.65527 1.18027e-07 5.26483e-08 13.87860
56413.65527 56416.65527 1.60633e-07 6.03385e-08 16.76240
56416.65527 56419.65527 4.53988e-08 4.11117e-08 1.99009
56419.65527 56422.65527 1.23652e-07 5.14767e-08 12.74640
56422.65527 56425.65527 1.51964e-07 5.64406e-08 14.72310
56425.65527 56428.65527 4.37244e-08 3.96365e-08 2.26951
56428.65527 56431.65527 8.39914e-08 4.13414e-08 8.49109
56431.65527 56434.65527 1.01523e-07 5.08303e-08 5.97482
56434.65527 56437.65527 1.03463e-07 4.53334e-08 9.43781
56437.65527 56440.65527 2.01109e-07 5.03827e-08 50.00890
56440.65527 56443.65527 1.89800e-07 5.50925e-08 34.81310
56443.65527 56446.65527 2.39311e-07 5.69596e-08 50.59060
56446.65527 56449.65527 2.84301e-07 6.39768e-08 55.95480
56449.65527 56452.65527 2.48943e-07 5.79952e-08 45.58050
56452.65527 56455.65527 1.62416e-07 5.05084e-08 25.40670
56455.65527 56458.65527 3.07226e-07 6.35147e-08 64.97000
56458.65527 56461.65527 4.64060e-07 7.00367e-08 143.01700
56461.65527 56464.65527 3.06060e-07 6.12909e-08 69.68600
56464.65527 56467.65527 3.38263e-07 6.17956e-08 87.79300
56467.65527 56470.65527 2.09849e-07 5.77230e-08 24.52850
56470.65527 56473.65527 2.43540e-07 5.73434e-08 51.25210
56473.65527 56476.65527 3.02654e-07 7.47620e-08 40.38610
56476.65527 56479.65527 3.25218e-07 6.96858e-08 69.79100
56479.65527 56482.65527 4.06442e-07 7.62327e-08 102.31000
56482.65527 56485.65527 3.77989e-07 7.43123e-08 69.07430
56485.65527 56488.65527 2.81085e-07 6.60263e-08 60.10130
56488.65527 56491.65527 4.00938e-07 7.28703e-08 104.68800
56491.65527 56494.65527 2.57993e-07 6.12132e-08 43.77100
56494.65527 56497.65527 8.24417e-07 8.81986e-08 374.34200
56497.65527 56500.65527 9.65387e-07 9.27885e-08 415.29200
56500.65527 56503.65527 3.94379e-07 6.71190e-08 115.48500
56503.65527 56506.65527 2.56260e-07 6.20357e-08 52.39330
56506.65527 56509.65527 5.16843e-07 8.23232e-08 143.92100
56509.65527 56512.65527 9.85597e-07 1.00147e-07 325.10800
56512.65527 56515.65527 3.85441e-07 7.00300e-08 84.22440
56515.65527 56518.65527 1.72866e-07 5.72081e-08 22.95090
56518.65527 56521.65527 1.55141e-07 6.44292e-08 12.23460
56521.65527 56524.65527 2.21822e-07 8.10378e-08 13.27230
56524.65527 56527.65527 4.63236e-07 8.88113e-08 76.52530
56527.65527 56530.65527 2.23528e-07 6.38258e-08 29.33970
56530.65527 56533.65527 5.29731e-07 8.62645e-08 111.13500
56533.65527 56536.65527 7.74213e-07 1.02807e-07 168.34700
56536.65527 56539.65527 1.49603e-06 1.29511e-07 503.83500
56539.65527 56542.65527 1.38667e-06 1.25352e-07 416.42700
56542.65527 56545.65527 5.38523e-07 8.27403e-08 117.96900
56545.65527 56548.65527 6.02153e-07 8.23777e-08 182.49100
56548.65527 56551.65527 7.59660e-07 9.27763e-08 218.69500
56551.65527 56554.65527 5.79972e-07 8.11115e-08 190.36900
56554.65527 56557.65527 2.45386e-07 5.95429e-08 47.93500
56557.65527 56560.65527 4.25313e-07 6.99286e-08 122.38600
56560.65527 56563.65527 7.85209e-07 8.87738e-08 243.02700
56563.65527 56566.65527 1.44181e-06 1.14453e-07 649.18300
56566.65527 56569.65527 7.90133e-07 9.19219e-08 287.21700
56569.65527 56572.65527 9.18943e-07 1.02186e-07 269.61500
56572.65527 56575.65527 1.08986e-06 1.08032e-07 383.45600
56575.65527 56578.65527 4.89832e-07 8.42469e-08 92.58110
56578.65527 56581.65527 3.03270e-07 6.54630e-08 54.58660
56581.65527 56584.65527 4.72002e-07 8.94532e-08 83.99960
56584.65527 56587.65527 2.72192e-07 1.28781e-07 15.81050
56587.65527 56590.65527 7.58804e-07 9.41209e-08 200.75100
56590.65527 56593.65527 7.85112e-07 6.44578e-08 518.59400
56593.65527 56596.65527 4.77929e-07 6.39731e-08 165.48900
56596.65527 56599.65527 7.13721e-07 8.68846e-08 214.32300
56599.65527 56602.65527 6.28782e-07 8.13646e-08 249.03900
56602.65527 56605.65527 9.35380e-07 8.42621e-08 459.22100
56605.65527 56608.65527 7.63633e-07 8.18027e-08 343.68100
56608.65527 56611.65527 4.34572e-07 7.11847e-08 119.17200
56611.65527 56614.65527 4.90328e-07 7.40714e-08 160.58700
56614.65527 56617.65527 5.31093e-07 7.78793e-08 138.25700
56617.65527 56620.65527 2.60062e-07 6.30085e-08 38.67590
56620.65527 56623.65527 6.32594e-07 8.51888e-08 187.55300
56623.65527 56626.65527 6.93360e-07 8.50963e-08 211.84400
56626.65527 56629.65527 4.72797e-07 7.30560e-08 136.35200
56629.65527 56632.65527 4.98967e-07 7.72097e-08 119.18900
56632.65527 56635.65527 8.56509e-07 8.99823e-08 323.62400
56635.65527 56638.65527 7.34989e-07 9.81396e-08 177.78500
56638.65527 56641.65527 7.89326e-07 9.74678e-08 240.43000
56641.65527 56644.65527 7.37837e-07 1.10664e-07 138.81600
56644.65527 56647.65527 9.75411e-07 1.20633e-07 257.57100
56647.65527 56650.65527 8.57128e-07 1.12571e-07 188.27400
56650.65527 56653.65527 9.88976e-07 1.19461e-07 244.82900
56653.65527 56656.65527 8.14485e-07 1.05733e-07 213.90600
56656.65527 56659.65527 1.05042e-06 1.24430e-07 254.37000
56659.65527 56662.65527 9.27244e-07 1.21484e-07 199.81200
56662.65527 56665.65527 8.47333e-07 1.19499e-07 171.14100
56665.65527 56668.65527 3.00979e-07 7.25874e-08 46.68330
56668.65527 56671.65527 2.01665e-07 5.58454e-08 38.49170
56671.65527 56674.65527 4.90236e-07 6.88180e-08 175.28900
56674.65527 56677.65527 4.02452e-07 7.71920e-08 67.66390
56677.65527 56680.65527 4.71772e-07 9.34700e-08 66.85580
56680.65527 56683.65527 6.54665e-07 8.35974e-08 237.95200
56683.65527 56686.65527 6.64161e-07 9.29994e-08 180.98700
56686.65527 56689.65527 1.17378e-06 1.26235e-07 286.43900
56689.65527 56692.65527 1.53965e-06 1.40562e-07 475.19500
56692.65527 56695.65527 6.64014e-07 1.04164e-07 131.17400
56695.65527 56698.65527 1.09270e-06 1.27657e-07 263.36500
56698.65527 56701.65527 1.55598e-06 1.43325e-07 490.03300
56701.65527 56704.65527 2.21596e-06 1.71747e-07 675.03700
56704.65527 56707.65527 9.08154e-07 1.10079e-07 245.17200
56707.65527 56710.65527 7.41244e-07 1.04262e-07 180.03600
56710.65527 56713.65527 6.24515e-07 1.02690e-07 139.99400
56713.65527 56716.65527 9.79760e-07 3.34630e-07 28.10030
56716.65527 56719.65527 5.40296e-07 9.41430e-08 112.16500
56719.65527 56722.65527 7.30808e-07 9.53319e-08 219.44800
56722.65527 56725.65527 5.85478e-07 7.37325e-08 219.98000
56725.65527 56728.65527 4.76995e-07 7.37351e-08 122.81400
56728.65527 56731.65527 4.54231e-07 8.64245e-08 107.00800
56731.65527 56734.65527 8.57666e-07 1.13287e-07 255.22900
56734.65527 56737.65527 6.66436e-07 1.03172e-07 148.49000
56737.65527 56740.65527 3.48988e-07 7.71531e-08 64.10620
56740.65527 56743.65527 3.41749e-07 7.59022e-08 78.58330
56743.65527 56746.65527 3.02602e-07 7.55237e-08 49.45500
56746.65527 56749.65527 8.54371e-07 6.62373e-08 575.92500
56749.65527 56752.65527 5.69318e-07 5.74537e-08 313.98900
56752.65527 56755.65527 4.08287e-07 9.12894e-08 53.86990
56755.65527 56758.65527 3.37457e-07 7.64252e-08 53.93870
56758.65527 56761.65527 2.90717e-07 6.97828e-08 42.97440
56761.65527 56764.65527 8.76920e-07 1.15070e-07 208.88100
56764.65527 56767.65527 4.35246e-07 8.89345e-08 68.48800
56767.65527 56770.65527 3.68400e-07 8.64728e-08 50.77050
56770.65527 56773.65527 2.05032e-07 5.55104e-08 44.65730
56773.65527 56776.65527 1.52152e-07 4.70913e-08 33.03070
56776.65527 56779.65527 3.26893e-07 6.57353e-08 75.64500
56779.65527 56782.65527 2.60846e-07 6.16704e-08 50.18960
56782.65527 56785.65527 6.80437e-07 8.56446e-08 239.75800
56785.65527 56788.65527 1.83318e-07 6.14199e-08 21.71610
56788.65527 56791.65527 1.98056e-07 5.99755e-08 26.73050
56791.65527 56794.65527 4.12965e-07 7.48705e-08 85.13070
56794.65527 56797.65527 5.10253e-07 8.04861e-08 112.77100
56797.65527 56800.65527 2.61957e-07 6.14045e-08 57.22870
56800.65527 56803.65527 2.08575e-07 5.92468e-08 44.60270
56803.65527 56806.65527 1.36589e-07 6.26675e-08 11.15440
56806.65527 56809.65527 2.71793e-07 7.33225e-08 38.70860
56809.65527 56812.65527 1.61531e-07 6.87658e-08 17.23540
56812.65527 56815.65527 3.00408e-07 1.02529e-07 17.60280
56815.65527 56818.65527 2.60552e-07 9.75427e-08 20.35590
56818.65527 56821.65527 6.14375e-07 1.46845e-07 62.81470
56821.65527 56824.65527 5.65160e-07 1.82037e-07 31.51630
56824.65527 56827.65527 6.85710e-07 1.24534e-07 93.62070
56827.65527 56830.65527 4.44928e-07 7.18065e-08 104.32000
56830.65527 56833.65527 4.59702e-07 9.13741e-08 87.52270
56833.65527 56836.65527 4.16306e-07 8.22683e-08 87.22940
56836.65527 56839.65527 5.04937e-07 7.76368e-08 135.90900
56839.65527 56842.65527 3.70775e-07 7.23020e-08 81.89930
56842.65527 56845.65527 5.47668e-07 8.39066e-08 139.38200
56845.65527 56848.65527 6.25048e-07 8.90961e-08 154.20400
56848.65527 56851.65527 4.75354e-07 9.12685e-08 95.30860
56851.65527 56854.65527 5.66102e-07 9.55921e-08 117.05800
56854.65527 56857.65527 2.12894e-07 6.63457e-08 30.38740
56857.65527 56860.65527 2.79153e-07 7.56440e-08 40.26090
56860.65527 56863.65527 2.58347e-07 6.91642e-08 41.26000
56863.65527 56866.65527 2.98331e-07 7.80525e-08 41.15460
56866.65527 56869.65527 2.56777e-07 7.38404e-08 34.42930
56869.65527 56872.65527 3.32250e-07 8.10580e-08 52.83280
56872.65527 56875.65527 2.20063e-07 7.24520e-08 29.80560
56875.65527 56878.65527 2.68187e-07 7.36898e-08 34.92940
56878.65527 56881.65527 2.93243e-07 6.58782e-08 70.53530
56881.65527 56884.65527 3.87144e-07 6.66273e-08 93.25750
56884.65527 56887.65527 5.25080e-07 7.16974e-08 166.00100
56887.65527 56890.65527 4.44532e-07 8.89453e-08 80.50820
56890.65527 56893.65527 4.53628e-07 9.11342e-08 92.02950
56893.65527 56896.65527 3.85408e-07 8.96179e-08 63.31440
56896.65527 56899.65527 3.52212e-07 7.76388e-08 71.00700
56899.65527 56902.65527 3.92405e-07 8.70609e-08 70.52640
56902.65527 56905.65527 4.01700e-07 8.40400e-08 65.13730
56905.65527 56908.65527 1.77871e-07 6.09476e-08 19.35890
56908.65527 56911.65527 3.71579e-07 7.62597e-08 91.26630
56911.65527 56914.65527 2.59147e-07 7.62244e-08 23.85130
56914.65527 56917.65527 2.98293e-07 7.43143e-08 47.10300
56917.65527 56920.65527 4.66056e-07 8.75052e-08 90.90530
56920.65527 56923.65527 2.04278e-07 6.63290e-08 24.39220
56923.65527 56926.65527 2.03082e-07 6.57587e-08 23.12730
56926.65527 56929.65527 8.15298e-07 1.13027e-07 192.97000
56929.65527 56932.65527 7.80983e-07 1.04770e-07 169.97000
56932.65527 56935.65527 5.37399e-07 8.24394e-08 115.28100
56935.65527 56938.65527 4.55916e-07 6.85609e-08 153.61400
56938.65527 56941.65527 6.24849e-07 8.51379e-08 164.30900
56941.65527 56944.65527 5.29501e-07 8.37101e-08 113.77100
56944.65527 56947.65527 5.40737e-07 9.76640e-08 89.11850
56947.65527 56950.65527 3.41728e-07 8.77457e-08 41.93720
56950.65527 56953.65527 4.50669e-07 9.22123e-08 68.23870
56953.65527 56956.65527 3.80488e-07 8.00228e-08 82.45140
56956.65527 56959.65527 6.17292e-07 1.05864e-07 106.44200
56959.65527 56962.65527 1.08827e-06 1.21680e-07 287.34200
56962.65527 56965.65527 1.67744e-06 1.48776e-07 490.94200
56965.65527 56968.65527 2.23460e-06 1.71010e-07 675.65800
56968.65527 56971.65527 1.32922e-06 1.28339e-07 392.85700
56971.65527 56974.65527 3.70451e-06 1.95931e-07 1561.25000
56974.65527 56977.65527 3.11378e-06 1.91873e-07 1215.47000
56977.65527 56980.65527 1.70525e-06 1.53272e-07 463.94800
56980.65527 56983.65527 1.87405e-06 1.58082e-07 600.91300
56983.65527 56986.65527 4.78705e-07 8.93586e-08 70.72880
56986.65527 56989.65527 5.29829e-07 7.80326e-08 118.56200
56989.65527 56992.65527 7.60775e-07 8.50460e-08 262.56900
56992.65527 56995.65527 6.77357e-07 8.60993e-08 159.56600
56995.65527 56998.65527 3.07915e-07 6.67695e-08 67.77610
56998.65527 57001.65527 3.16237e-07 6.34706e-08 62.08190
57001.65527 57004.65527 6.50217e-07 7.72773e-08 232.64500
57004.65527 57007.65527 2.83755e-07 5.73532e-08 66.34530
57007.65527 57010.65527 1.95000e-07 5.24171e-08 33.38360
57010.65527 57013.65527 1.17468e-07 4.30256e-08 15.27170
57013.65527 57016.65527 1.74298e-07 4.90076e-08 30.99970
57016.65527 57019.65527 9.53898e-08 4.57624e-08 7.76514
57019.65527 57022.65527 1.22748e-07 4.71835e-08 11.22180
57022.65527 57025.65527 1.85568e-07 5.44305e-08 24.77820
57025.65527 57028.65527 1.22683e-07 4.67918e-08 19.86780
57028.65527 57031.65527 2.29868e-07 5.78169e-08 40.01090
57031.65527 57034.65527 3.06677e-07 6.42171e-08 62.46800
57034.65527 57037.65527 2.29097e-07 5.76990e-08 41.76380
57037.65527 57040.65527 2.60242e-07 5.85519e-08 53.34480
57040.65527 57043.65527 1.31620e-07 4.86074e-08 20.54420
57043.65527 57046.65527 9.84901e-08 4.68338e-08 8.51297
57046.65527 57049.65527 1.39900e-07 4.69702e-08 18.24610
57049.65527 57052.65527 1.47880e-07 4.91289e-08 22.16150
57052.65527 57055.65527 2.33106e-07 6.40169e-08 35.50090
57055.65527 57058.65527 1.36917e-07 4.74993e-08 22.93920
57058.65527 57061.65527 9.13728e-08 4.21385e-08 10.67310
57061.65527 57064.65527 1.98116e-07 5.59773e-08 32.13220
57064.65527 57067.65527 1.27894e-07 4.80190e-08 15.07390
57067.65527 57070.65527 2.73508e-07 6.62409e-08 39.74380
57070.65527 57073.65527 1.12424e-07 5.19955e-08 13.04160
57073.65527 57076.65527 1.26497e-07 4.75490e-08 22.46140
57076.65527 57079.65527 1.69312e-07 4.93692e-08 34.87540
57079.65527 57082.65527 2.10873e-07 5.35315e-08 56.62280
57082.65527 57085.65527 1.77124e-07 5.60561e-08 26.56680
57085.65527 57088.65527 1.34901e-07 5.12367e-08 17.00990
57088.65527 57091.65527 2.41708e-07 5.84515e-08 49.52880
57091.65527 57094.65527 2.03173e-07 5.72343e-08 29.40540
57094.65527 57097.65527 1.47539e-07 4.68879e-08 26.62400
57097.65527 57100.65527 3.64508e-08 4.56114e-08 1.11645
57100.65527 57103.65527 1.55910e-07 6.79746e-08 12.99250
57103.65527 57106.65527 1.39365e-07 5.71915e-08 14.82120
57106.65527 57109.65527 1.54522e-07 6.31341e-08 15.13610
57109.65527 57112.65527 1.76775e-07 6.27265e-08 25.80890
57112.65527 57115.65527 8.00575e-08 5.11500e-08 4.79562
57115.65527 57118.65527 2.85430e-07 6.81974e-08 48.81620
57118.65527 57121.65527 3.85856e-07 7.50676e-08 69.60290
57121.65527 57124.65527 3.24571e-07 6.91533e-08 54.50270
57124.65527 57127.65527 2.55805e-07 6.28315e-08 52.29790
57127.65527 57130.65527 1.36047e-07 4.91254e-08 16.83790
57130.65527 57133.65527 1.54070e-07 4.66426e-08 23.09790
57133.65527 57136.65527 2.96768e-07 6.18813e-08 61.61840
57136.65527 57139.65527 1.76723e-07 4.98599e-08 34.58220
57139.65527 57142.65527 1.64630e-07 5.01627e-08 28.53300
57142.65527 57145.65527 2.05847e-07 5.80940e-08 27.20190
57145.65527 57148.65527 1.93213e-07 5.47437e-08 36.93410
57148.65527 57151.65527 5.45743e-08 3.71945e-08 4.51936
57151.65527 57154.65527 1.23495e-07 5.28732e-08 10.10960
57154.65527 57157.65527 1.15325e-07 5.77085e-08 6.67878
57157.65527 57160.65527 1.38597e-08 3.54600e-08 0.18376
57160.65527 57163.65527 3.60849e-08 4.94389e-08 0.63628
57163.65527 57166.65527 8.32981e-08 4.74000e-08 5.97477
57166.65527 57169.65527 1.49370e-07 5.23001e-08 24.92430
57169.65527 57172.65527 9.76934e-08 5.13250e-08 6.18560
57172.65527 57175.65527 5.79884e-08 4.16409e-08 3.73035
57175.65527 57178.65527 8.91999e-08 4.87712e-08 8.57197
57178.65527 57181.65527 4.70638e-08 3.77618e-08 2.84151
57181.65527 57184.65527 5.18779e-08 3.76802e-08 2.90226
57184.65527 57187.65527 1.76724e-07 5.24297e-08 31.71390
57187.65527 57190.65527 8.20242e-08 3.27890e-08 14.71440
57190.65527 57193.65527 1.05502e-07 3.43755e-08 24.70640
57193.65527 57196.65527 2.26811e-08 2.25345e-08 1.40429
57196.65527 57199.65527 3.71571e-08 3.66542e-08 1.37299
57199.65527 57202.65527 8.39351e-08 4.64856e-08 5.59412
57202.65527 57205.65527 1.68125e-07 5.25600e-08 28.51280
57205.65527 57208.65527 1.31598e-07 5.03123e-08 20.29670
57208.65527 57211.65527 1.86278e-07 6.04859e-08 19.15970
57211.65527 57214.65527 7.37843e-08 4.08742e-08 6.38146
57214.65527 57217.65527 4.06423e-08 3.78351e-08 2.02866
57217.65527 57220.65527 1.20022e-07 4.98866e-08 12.83400
57220.65527 57223.65527 7.88488e-08 5.52455e-08 3.07036
57223.65527 57226.65527 5.15699e-08 3.89701e-08 3.16103
57226.65527 57229.65527 1.06227e-07 5.26553e-08 7.78284
57229.65527 57232.65527 1.60462e-07 4.78265e-08 41.30000
57232.65527 57235.65527 2.14969e-08 3.09735e-08 0.72809
57235.65527 57238.65527 1.83677e-07 4.90967e-08 48.60690
57238.65527 57241.65527 1.16223e-07 4.47642e-08 15.37710
57241.65527 57244.65527 1.18852e-07 4.70714e-08 13.57650
57244.65527 57247.65527 1.42075e-08 3.54037e-08 0.21352
57247.65527 57250.65527 1.03370e-07 4.36989e-08 11.56020
57250.65527 57253.65527 7.09263e-08 3.63806e-08 8.32138
57253.65527 57256.65527 3.16491e-08 3.19732e-08 1.94640
57256.65527 57259.65527 6.00533e-08 3.65410e-08 7.91153
57259.65527 57262.65527 1.35121e-07 5.21165e-08 13.20970
57262.65527 57265.65527 3.20988e-08 2.87159e-08 4.50775
57265.65527 57268.65527 2.02807e-11 5.54551e-13 -0.00069
57268.65527 57271.65527 8.15822e-08 4.75102e-08 4.71773
57271.65527 57274.65527 1.11551e-07 4.66542e-08 12.49990
57274.65527 57277.65527 2.02807e-11 1.00608e-13 -0.00095
57277.65527 57280.65527 8.49892e-08 5.73422e-08 3.27246
57280.65527 57283.65527 8.91453e-08 5.18447e-08 4.71139
57283.65527 57286.65527 8.75324e-08 4.48307e-08 6.70436
57286.65527 57289.65527 5.36395e-08 3.10340e-08 7.40191
57289.65527 57292.65527 7.55679e-08 3.47703e-08 15.67990
57292.65527 57295.65527 7.08375e-08 3.86696e-08 7.79191
57295.65527 57298.65527 7.54775e-08 3.98661e-08 7.99766
57298.65527 57301.65527 1.73642e-07 5.17533e-08 27.26980
57301.65527 57304.65527 2.28468e-08 4.02242e-08 0.44735
57304.65527 57307.65527 4.38196e-08 2.92572e-08 7.74723
57307.65527 57310.65527 3.24700e-08 4.20729e-08 0.73923
57310.65527 57313.65527 1.06743e-07 4.49261e-08 13.81540
57313.65527 57316.65527 5.92762e-08 4.11591e-08 3.42269
57316.65527 57319.65527 9.44056e-08 4.42450e-08 10.90180
57319.65527 57322.65527 4.26893e-08 3.44763e-08 2.65916
57322.65527 57325.65527 8.20262e-08 4.27427e-08 7.85758
57325.65527 57328.65527 2.02807e-11 6.90236e-13 -0.00012
57328.65527 57331.65527 3.34195e-08 2.78209e-08 6.09735
57331.65527 57334.65527 2.02807e-11 2.06513e-13 -0.00174
57334.65527 57337.65527 7.35276e-08 4.67280e-08 4.19137
57337.65527 57340.65527 3.00605e-08 3.05828e-08 1.91062
57340.65527 57343.65527 8.88438e-09 2.72068e-08 0.07777
57343.65527 57346.65527 3.23843e-08 2.94158e-08 2.26052
57346.65527 57349.65527 3.86080e-08 3.33334e-08 3.40513
57349.65527 57352.65527 2.02807e-11 1.09984e-14 -0.00129
57352.65527 57355.65527 8.52769e-08 4.05544e-08 9.66436
57355.65527 57358.65527 3.16916e-08 2.85843e-08 2.82506
57358.65527 57361.65527 9.85688e-08 4.33280e-08 13.72900
57361.65527 57364.65527 2.51511e-08 2.90531e-08 1.45243
57364.65527 57367.65527 2.71622e-08 2.69120e-08 3.17300
57367.65527 57370.65527 6.48556e-08 3.81158e-08 5.46382
57370.65527 57373.65527 8.99061e-08 4.39533e-08 14.29980
57373.65527 57376.65527 1.32237e-08 2.72066e-08 0.47031
57376.65527 57379.65527 2.02807e-11 1.68344e-12 -0.00030
57379.65527 57382.65527 5.37970e-08 3.41730e-08 6.75636
57382.65527 57385.65527 2.42782e-08 3.15532e-08 0.93914
57385.65527 57388.65527 9.12013e-08 3.80657e-08 14.66030
57388.65527 57391.65527 3.13877e-08 3.90612e-08 0.94430
57391.65527 57394.65527 2.19854e-08 3.35431e-08 0.54300
57394.65527 57397.65527 3.83411e-08 3.90158e-08 1.69095
57397.65527 57400.65527 2.02807e-11 4.27239e-15 -0.00052
57400.65527 57403.65527 3.23693e-08 3.39940e-08 1.59369
57403.65527 57406.65527 2.79893e-07 5.86479e-08 62.36290
57406.65527 57409.65527 1.41954e-07 4.64577e-08 21.51090
57409.65527 57412.65527 1.46245e-07 4.97222e-08 21.61630
57412.65527 57415.65527 1.03901e-07 4.29430e-08 12.54810
57415.65527 57418.65527 3.68791e-08 3.28875e-08 1.97433
57418.65527 57421.65527 6.53489e-08 3.45307e-08 8.30004
57421.65527 57424.65527 1.11202e-08 2.86753e-08 0.13384
57424.65527 57427.65527 6.71156e-08 4.37678e-08 4.88869
57427.65527 57430.65527 2.02807e-11 3.71226e-14 -0.00188
57430.65527 57433.65527 3.45909e-08 2.87888e-08 3.91920
57433.65527 57436.65527 1.41658e-08 1.75987e-08 1.47428
57436.65527 57439.65527 4.86357e-08 3.15353e-08 9.57291
57439.65527 57442.65527 8.24800e-08 4.68000e-08 4.97270
57442.65527 57445.65527 1.04619e-07 5.22015e-08 6.70028
57445.65527 57448.65527 8.34825e-08 3.74847e-08 13.02760
57448.65527 57451.65527 2.02807e-11 1.97452e-13 -0.00018
57451.65527 57454.65527 2.02807e-11 5.16545e-14 -0.00080
57454.65527 57457.65527 6.72317e-08 4.17139e-08 4.48506
57457.65527 57460.65527 4.33934e-08 3.17458e-08 3.82065
57460.65527 57463.65527 8.70185e-08 4.76351e-08 5.62412
57463.65527 57466.65527 9.85728e-08 4.20005e-08 13.10020
57466.65527 57469.65527 8.69422e-08 4.50584e-08 6.23233
57469.65527 57472.65527 1.07087e-07 4.94215e-08 9.04005
57472.65527 57475.65527 5.18682e-08 3.83807e-08 2.79787
57475.65527 57478.65527 9.79458e-08 4.81831e-08 7.61202
57478.65527 57481.65527 1.51059e-07 5.60214e-08 13.70450
57481.65527 57484.65527 6.83570e-08 4.94094e-08 3.09940
57484.65527 57487.65527 2.02807e-11 4.28472e-13 -0.00045
57487.65527 57490.65527 5.39215e-08 3.39164e-08 6.52475
57490.65527 57493.65527 2.02807e-11 1.82379e-14 -0.00138
57493.65527 57496.65527 2.45944e-08 3.13748e-08 0.82647
57496.65527 57499.65527 3.28374e-08 3.86992e-08 0.96982
57499.65527 57502.65527 4.93557e-08 3.42599e-08 4.81830
57502.65527 57505.65527 2.02807e-11 1.11146e-12 -0.00020
57505.65527 57508.65527 2.02807e-11 2.54932e-14 -0.00048
57508.65527 57511.65527 7.03182e-09 2.76192e-08 0.03995
57511.65527 57514.65527 6.28656e-08 3.66351e-08 5.08610
57514.65527 57517.65527 2.02807e-11 2.62770e-15 -0.00304
57517.65527 57520.65527 2.02807e-11 2.98761e-13 -0.00024
57520.65527 57523.65527 1.06147e-07 4.25138e-08 16.05680
57523.65527 57526.65527 1.38251e-07 5.47621e-08 12.97230
57526.65527 57529.65527 1.20029e-07 5.59403e-08 11.25870
57529.65527 57532.65527 6.97118e-08 4.29369e-08 6.06898
57532.65527 57535.65527 9.59682e-08 5.29128e-08 7.60309
57535.65527 57538.65527 1.75188e-07 5.58413e-08 31.56050
57538.65527 57541.65527 1.22695e-07 4.82318e-08 12.94270
57541.65527 57544.65527 1.13729e-07 4.68731e-08 15.87720
57544.65527 57547.65527 6.77741e-08 4.29505e-08 5.46130
57547.65527 57550.65527 1.72536e-07 5.89772e-08 16.70600
57550.65527 57553.65527 1.12832e-07 5.23200e-08 10.32210
57553.65527 57556.65527 3.22941e-08 2.94181e-08 2.69151
57556.65527 57559.65527 5.37834e-08 4.43258e-08 3.92744
57559.65527 57562.65527 1.30602e-07 5.67499e-08 12.08180
57562.65527 57565.65527 6.45849e-08 4.37030e-08 5.41046
57565.65527 57568.65527 6.18932e-08 3.81157e-08 5.27423
57568.65527 57571.65527 5.48454e-08 3.55739e-08 5.98809
57571.65527 57574.65527 5.20144e-08 3.89807e-08 3.03911
57574.65527 57577.65527 7.75819e-08 4.62919e-08 4.41656
57577.65527 57580.65527 1.54710e-07 6.15638e-08 11.21380
57580.65527 57583.65527 1.20585e-07 5.42043e-08 10.87680
57583.65527 57586.65527 5.09018e-08 3.57347e-08 5.60411
57586.65527 57589.65527 1.18815e-07 6.72462e-08 4.38143
57589.65527 57592.65527 1.05297e-07 5.77412e-08 10.47690
57592.65527 57595.65527 1.11456e-07 4.83657e-08 13.06710
57595.65527 57598.65527 1.08517e-07 5.29724e-08 7.62080
57598.65527 57601.65527 1.34364e-07 4.88742e-08 18.59900
57601.65527 57604.65527 2.79920e-07 1.20967e-07 12.70020
57607.65527 57610.65527 1.03030e-07 6.08592e-08 6.21730
57610.65527 57613.65527 6.32060e-08 4.34920e-08 3.24916
57613.65527 57616.65527 8.64430e-08 4.12828e-08 7.47610
57616.65527 57619.65527 1.80159e-07 5.11992e-08 31.20930
57619.65527 57622.65527 7.57225e-08 4.31057e-08 4.81275
57622.65527 57625.65527 4.43901e-09 2.21034e-08 0.02370
57625.65527 57628.65527 3.05145e-08 2.70615e-08 3.21722
57628.65527 57631.65527 7.80234e-08 4.23834e-08 8.21416
57631.65527 57634.65527 8.38898e-08 5.25288e-08 3.99114
57634.65527 57637.65527 8.12695e-08 4.46343e-08 7.61619
57637.65527 57640.65527 1.58314e-08 3.04926e-08 0.34532
57640.65527 57643.65527 6.13409e-08 3.51044e-08 8.74797
57643.65527 57646.65527 1.74828e-07 5.29794e-08 33.07900
57646.65527 57649.65527 3.30931e-07 7.32028e-08 48.26330
57649.65527 57652.65527 1.53898e-07 5.77778e-08 13.19760
57652.65527 57655.65527 2.02807e-11 2.86568e-12 -0.00022
57655.65527 57658.65527 2.93424e-07 6.69201e-08 47.79570
57658.65527 57661.65527 3.15382e-07 7.13092e-08 60.68040
57661.65527 57664.65527 1.20849e-07 5.56318e-08 12.77160
57664.65527 57667.65527 1.63580e-07 6.45366e-08 13.69130
57667.65527 57670.65527 2.60661e-07 6.84783e-08 42.90920
57670.65527 57673.65527 5.95031e-08 3.25850e-08 6.52906
57673.65527 57676.65527 2.43696e-09 2.06352e-08 0.00358
57676.65527 57679.65527 1.24602e-07 5.02280e-08 15.30870
57679.65527 57682.65527 5.73259e-08 3.79274e-08 6.04222
57682.65527 57685.65527 2.02807e-11 1.88155e-13 -0.00156
57685.65527 57688.65527 8.06921e-09 4.09232e-08 0.04578
57688.65527 57691.65527 2.02807e-11 6.14691e-14 -0.00026
57691.65527 57694.65527 2.25251e-08 3.73820e-08 0.53195
57694.65527 57697.65527 3.04146e-08 2.73994e-08 5.39900
57697.65527 57700.65527 9.30091e-08 4.98341e-08 8.04101
57700.65527 57703.65527 6.60665e-08 4.93517e-08 2.60204
57703.65527 57706.65527 1.08812e-07 5.33756e-08 11.17160
57706.65527 57709.65527 2.02807e-11 1.27225e-13 -0.00011
57709.65527 57712.65527 5.45437e-08 3.84669e-08 3.13846
57712.65527 57715.65527 1.61388e-08 3.10489e-08 0.29023
57715.65527 57718.65527 3.37887e-08 2.69588e-08 4.20365
57718.65527 57721.65527 6.10112e-08 3.55716e-08 6.03978
57721.65527 57724.65527 8.87769e-08 4.26045e-08 7.88344
57724.65527 57727.65527 9.82651e-10 3.24273e-08 0.00103
57727.65527 57730.65527 5.32100e-08 3.64237e-08 3.85395
57730.65527 57733.65527 6.15615e-08 3.16815e-08 12.94080
57733.65527 57736.65527 2.69034e-08 3.30945e-08 1.32026
57736.65527 57739.65527 2.91087e-08 3.99101e-08 0.71208
57739.65527 57742.65527 2.02807e-11 2.40744e-14 -0.00051
57742.65527 57745.65527 6.89920e-08 3.64009e-08 10.45110
57745.65527 57748.65527 1.01622e-07 5.18891e-08 8.41823
57748.65527 57751.65527 1.70001e-08 3.86324e-08 0.22867
57751.65527 57754.65527 4.18333e-08 4.96044e-08 1.15071
57754.65527 57757.65527 2.02807e-11 2.49139e-13 -0.00069
57757.65527 57760.65527 3.76560e-08 4.22744e-08 1.09107
57760.65527 57763.65527 2.44833e-08 2.50988e-08 2.58749
57763.65527 57766.65527 1.14921e-08 2.84754e-08 0.19755
57766.65527 57769.65527 5.96899e-08 3.75025e-08 7.41971
57769.65527 57772.65527 3.09587e-08 3.05931e-08 2.44228
57772.65527 57775.65527 1.59318e-08 3.18913e-08 0.31402
57775.65527 57778.65527 7.89332e-08 4.20150e-08 8.09665
57778.65527 57781.65527 6.41334e-08 4.24218e-08 3.34534
57781.65527 57784.65527 3.75286e-08 3.37190e-08 2.07920
57784.65527 57787.65527 9.57028e-08 4.66175e-08 9.80925
57787.65527 57790.65527 1.08311e-08 2.76927e-08 0.15880
57790.65527 57793.65527 7.40751e-08 4.28462e-08 5.54021
57793.65527 57796.65527 2.97251e-08 4.39735e-08 0.57962
57796.65527 57799.65527 8.03835e-08 5.05989e-08 3.96210
57799.65527 57802.65527 4.87671e-08 5.20790e-08 1.04487
57802.65527 57805.65527 5.22783e-08 4.20001e-08 2.71274
57805.65527 57808.65527 2.02807e-11 2.48443e-14 -0.00139
57808.65527 57811.65527 5.89935e-08 4.00434e-08 4.21125
57811.65527 57814.65527 2.02807e-11 1.05916e-13 -0.00039
57814.65527 57817.65527 2.02807e-11 2.41193e-12 -0.00004
57817.65527 57820.65527 9.24848e-08 3.77867e-08 13.92580
57820.65527 57823.65527 5.63930e-08 4.15466e-08 2.83866
57823.65527 57826.65527 4.36349e-08 3.26254e-08 4.63375
57826.65527 57829.65527 2.02807e-11 9.02208e-16 -0.00158
57829.65527 57832.65527 2.02807e-11 1.48033e-12 -0.00023
57832.65527 57835.65527 2.02807e-11 5.10154e-15 -0.00096
57835.65527 57838.65527 6.10387e-08 3.58876e-08 11.18260
57838.65527 57841.65527 6.43572e-08 4.40525e-08 3.97715
57841.65527 57844.65527 7.85473e-08 4.09975e-08 9.01342
57844.65527 57847.65527 2.66346e-08 2.38743e-08 3.28216
57847.65527 57850.65527 4.40587e-08 1.77968e-08 13.63110
57850.65527 57853.65527 1.52506e-08 1.74319e-08 1.09956
57853.65527 57856.65527 2.02807e-11 2.86926e-15 -0.00150
57856.65527 57859.65527 6.92916e-09 2.81320e-08 0.07139
57859.65527 57862.65527 2.02807e-11 1.47695e-14 -0.00120
57862.65527 57865.65527 1.25084e-08 3.57457e-08 0.14526
57865.65527 57868.65527 1.09083e-08 2.84541e-08 0.17778
57868.65527 57871.65527 9.80888e-08 4.53684e-08 10.36380
57871.65527 57874.65527 4.82640e-08 3.42492e-08 3.36499
57874.65527 57877.65527 7.99366e-08 4.94060e-08 3.72914
57877.65527 57880.65527 8.93291e-08 4.06763e-08 17.15410
57880.65527 57883.65527 7.90010e-08 3.47164e-08 22.04990
57883.65527 57886.65527 7.03542e-08 4.48713e-08 4.00093
57886.65527 57889.65527 8.09539e-08 3.90326e-08 9.06298
57889.65527 57892.65527 1.01707e-07 4.46837e-08 12.54220
57892.65527 57895.65527 1.51814e-07 5.23671e-08 20.88430
57895.65527 57898.65527 1.38438e-07 5.15799e-08 14.95380
57898.65527 57901.65527 5.07801e-08 3.92148e-08 6.21680
57901.65527 57904.65527 1.04572e-07 4.74460e-08 10.86200
57904.65527 57907.65527 4.98840e-08 4.78173e-08 1.51261
57907.65527 57910.65527 7.73782e-08 4.76148e-08 4.63789
57910.65527 57913.65527 5.84089e-08 3.42889e-08 5.71642
57913.65527 57916.65527 1.87443e-09 1.54164e-08 0.00443
57916.65527 57919.65527 1.03216e-07 4.53609e-08 16.45100
57919.65527 57922.65527 8.87110e-08 4.81223e-08 8.00786
57922.65527 57925.65527 4.84697e-09 2.13492e-08 0.04251
57925.65527 57928.65527 6.41757e-08 4.16556e-08 5.69007
57928.65527 57931.65527 3.20974e-08 3.29346e-08 1.41295
57931.65527 57934.65527 2.10530e-08 2.77619e-08 1.20924
57934.65527 57937.65527 9.87778e-08 5.03087e-08 8.30690
57937.65527 57940.65527 1.00132e-08 3.41631e-08 0.08200
57940.65527 57943.65527 8.22255e-08 4.31292e-08 7.82941
57943.65527 57946.65527 7.91289e-08 5.16247e-08 3.35856
57946.65527 57949.65527 4.62226e-08 4.07141e-08 3.00269
57949.65527 57952.65527 2.02807e-11 2.11677e-15 -0.00206
57952.65527 57955.65527 8.01582e-09 2.33329e-08 0.14852
57955.65527 57958.65527 5.65068e-10 2.83519e-08 0.00043
57958.65527 57961.65527 2.02807e-11 1.45774e-13 -0.00031
57961.65527 57964.65527 7.65702e-08 4.08822e-08 7.50179
57964.65527 57967.65527 2.02807e-11 8.37003e-14 -0.00022
57967.65527 57970.65527 2.96199e-08 3.18218e-08 2.04444
57970.65527 57973.65527 6.12762e-08 5.33986e-08 1.92662
57973.65527 57976.65527 3.01543e-08 3.91963e-08 0.85034
57976.65527 57979.65527 2.02807e-11 1.10415e-13 -0.00018
57979.65527 57982.65527 1.90438e-08 2.68660e-08 0.94412
57982.65527 57985.65527 5.77716e-08 3.77686e-08 5.41721
57985.65527 57988.65527 5.69882e-08 3.97284e-08 3.56362
57988.65527 57991.65527 6.98507e-08 3.90742e-08 5.75711
57991.65527 57994.65527 8.08849e-08 4.77389e-08 6.50547
57994.65527 57997.65527 5.72599e-08 3.97175e-08 3.50824
57997.65527 58000.65527 2.02807e-11 4.05920e-15 -0.00052
58000.65527 58003.65527 5.37725e-08 4.07030e-08 2.94116
58003.65527 58006.65527 4.89200e-08 4.44966e-08 1.63864
58006.65527 58009.65527 2.02807e-11 1.71621e-13 -0.00083
58009.65527 58012.65527 2.02807e-11 1.08829e-14 -0.00190
58012.65527 58015.65527 2.53700e-08 4.30241e-08 0.45484
58015.65527 58018.65527 5.31209e-08 5.36544e-08 1.39395
58018.65527 58021.65527 2.02807e-11 8.95892e-15 -0.00182
58021.65527 58024.65527 2.90237e-08 3.14976e-08 2.00871
58024.65527 58027.65527 2.34634e-08 4.38214e-08 0.30349
58027.65527 58030.65527 2.40788e-08 3.48376e-08 0.66171
58030.65527 58033.65527 3.69930e-08 2.90063e-08 3.65580
58033.65527 58036.65527 7.63726e-09 2.20397e-08 0.15056
58036.65527 58039.65527 2.02807e-11 6.80322e-14 -0.00112
58039.65527 58042.65527 8.41563e-08 3.77463e-08 15.38250
58042.65527 58045.65527 4.68051e-08 3.52981e-08 3.23581
58045.65527 58048.65527 6.46881e-08 4.32823e-08 4.07106
58048.65527 58051.65527 6.02054e-08 3.67473e-08 5.67721
58051.65527 58054.65527 5.12136e-08 3.83235e-08 4.08078
58054.65527 58057.65527 1.85818e-08 3.70594e-08 0.40818
58057.65527 58060.65527 9.34672e-08 4.77913e-08 8.00445
58060.65527 58063.65527 5.83919e-09 2.20809e-08 0.06641
58063.65527 58066.65527 1.52393e-07 5.14816e-08 19.85260
58066.65527 58069.65527 2.02807e-11 8.94067e-14 -0.00079
58069.65527 58072.65527 7.70385e-08 3.82325e-08 11.33410
58072.65527 58075.65527 9.04996e-08 4.72172e-08 6.01087
58075.65527 58078.65527 1.10598e-08 2.03746e-08 0.40050
58078.65527 58081.65527 8.58639e-08 4.15401e-08 8.31499
58081.65527 58084.65527 4.71943e-08 2.70002e-08 10.21010
58084.65527 58087.65527 2.02807e-11 3.21646e-12 -0.00042
58087.65527 58090.65527 2.79129e-08 3.57964e-08 0.94170
58090.65527 58093.65527 2.02807e-11 1.09827e-12 -0.00087
58093.65527 58096.65527 4.38153e-08 3.52582e-08 2.56337
58096.65527 58099.65527 1.75419e-08 3.32786e-08 0.34262
58099.65527 58102.65527 6.80901e-08 3.65616e-08 10.98030
58102.65527 58105.65527 2.72786e-08 2.56653e-08 2.44535
58105.65527 58108.65527 1.13124e-07 4.87796e-08 9.73041
58108.65527 58111.65527 2.41134e-08 3.37888e-08 0.69426
58111.65527 58114.65527 3.73156e-08 4.05739e-08 1.29193
58114.65527 58117.65527 9.63290e-08 4.29433e-08 10.66050
58117.65527 58120.65527 1.87520e-10 3.10673e-09 0.00003
58120.65527 58123.65527 6.23043e-08 3.36531e-08 8.68983
58123.65527 58126.65527 5.24947e-08 3.98342e-08 2.59193
58126.65527 58129.65527 3.29322e-08 2.77099e-08 3.64141
58129.65527 58132.65527 2.02807e-11 2.88234e-14 -0.00084
58132.65527 58135.65527 2.02807e-11 1.57320e-13 -0.00007
58135.65527 58138.65527 2.02807e-11 1.63741e-14 -0.00060
58138.65527 58141.65527 1.09273e-07 7.98665e-08 4.35509
58141.65527 58144.65527 3.58500e-08 3.75608e-08 1.25854
58144.65527 58147.65527 3.28875e-08 2.84379e-08 2.24366
58147.65527 58150.65527 2.02807e-11 8.23291e-14 -0.00150
58150.65527 58153.65527 8.44482e-08 9.93594e-08 1.26841
58153.65527 58156.65527 6.09180e-08 6.24748e-08 2.50560
58156.65527 58159.65527 2.02807e-11 1.12769e-12 -0.00023
58159.65527 58162.65527 3.42764e-08 4.35780e-08 0.74828
58162.65527 58165.65527 5.38041e-08 3.53873e-08 5.43969
58165.65527 58168.65527 6.18882e-08 3.93181e-08 5.32641
58168.65527 58171.65527 9.52898e-08 4.25553e-08 14.88100
58171.65527 58174.65527 4.89353e-08 3.65196e-08 3.12604
58174.65527 58177.65527 3.52161e-08 3.45107e-08 1.78573
58177.65527 58180.65527 2.02807e-11 1.82231e-12 -0.00005
58180.65527 58183.65527 2.02807e-11 5.76203e-14 -0.00020
58183.65527 58186.65527 2.02807e-11 3.82410e-15 -0.00147
58186.65527 58189.65527 5.56183e-08 3.96467e-08 3.75276
58189.65527 58192.65527 2.57880e-08 3.59472e-08 0.89594
58192.65527 58195.65527 1.64812e-07 2.05927e-07 1.11132
58213.65527 58216.65527 2.02807e-11 4.86229e-12 -0.00006
58216.65527 58219.65527 6.75387e-08 5.59198e-08 2.11852
58219.65527 58222.65527 8.52762e-08 4.59158e-08 5.89771
58222.65527 58225.65527 1.16421e-07 5.09207e-08 8.36424
58225.65527 58228.65527 4.65563e-08 3.81014e-08 2.14798
58228.65527 58231.65527 1.30944e-07 5.66843e-08 9.74039
58231.65527 58234.65527 8.57457e-08 6.37595e-08 2.63933
58234.65527 58237.65527 1.56286e-07 1.07292e-07 3.55816
58237.65527 58240.65527 3.32071e-07 6.06481e-08 82.75040
58240.65527 58243.65527 2.78600e-07 4.35057e-08 102.96500
58243.65527 58246.65527 7.94859e-07 6.26511e-08 597.72600
58246.65527 58249.65527 6.46226e-07 5.83654e-08 399.61800
58249.65527 58252.65527 2.82591e-07 4.95319e-08 112.04500
58258.65527 58261.65527 1.43827e-07 3.83210e-08 37.43440
58261.65527 58264.65527 3.08863e-07 4.84674e-08 130.18600
58264.65527 58267.65527 2.57787e-07 4.63604e-08 100.14500
58267.65527 58270.65527 2.07127e-07 4.91139e-08 43.44730
58270.65527 58273.65527 1.67984e-07 4.51833e-08 37.36780
58273.65527 58276.65527 1.26557e-07 3.82894e-08 34.18930
58276.65527 58279.65527 1.90885e-07 4.92499e-08 29.40510
58279.65527 58282.65527 1.29216e-07 4.63098e-08 20.73150
58282.65527 58285.65527 1.87173e-07 5.69147e-08 33.41340
58285.65527 58288.65527 1.27776e-07 6.95119e-08 7.83997
58288.65527 58291.65527 4.29819e-08 2.31851e-08 8.31346
58291.65527 58294.65527 7.97138e-08 2.86226e-08 15.30340
58294.65527 58297.65527 2.02807e-11 3.84689e-13 -0.00034
58303.65527 58306.65527 1.77703e-07 5.65546e-08 26.39910
58306.65527 58309.65527 3.36157e-07 5.50839e-08 107.50600
58309.65527 58312.65527 1.97361e-07 4.30183e-08 66.37650
58312.65527 58315.65527 3.00487e-07 5.18479e-08 123.41100
58315.65527 58318.65527 2.23255e-07 4.37888e-08 86.18920
58318.65527 58321.65527 2.39528e-07 4.74468e-08 76.44380
58321.65527 58324.65527 8.22968e-07 7.81900e-08 487.55000
58324.65527 58327.65527 4.69871e-07 7.36368e-08 130.41900
58327.65527 58330.65527 1.71783e-07 5.13223e-08 29.48220
58330.65527 58333.65527 1.41391e-07 4.91328e-08 22.46680
58333.65527 58336.65527 1.71776e-07 5.88919e-08 21.33340
58336.65527 58339.65527 7.30745e-08 4.08623e-08 5.15668
58339.65527 58342.65527 6.66318e-08 3.66061e-08 5.41825
58342.65527 58345.65527 3.78237e-08 2.40254e-08 4.25800
58351.65527 58354.65527 1.99378e-07 2.90775e-07 0.68701
58354.65527 58357.65527 6.56367e-08 9.28888e-08 0.77112
58357.65527 58360.65527 1.61338e-08 7.30351e-08 0.05634
58360.65527 58363.65527 1.15652e-07 8.82361e-08 3.51729
58363.65527 58366.65527 1.39594e-07 1.05281e-07 3.23820
58366.65527 58369.65527 3.36421e-07 2.99350e-07 2.19657
58369.65527 58372.65527 3.04736e-07 1.54047e-07 17.98890
58372.65527 58375.65527 1.30421e-07 5.22975e-08 11.81720
58375.65527 58378.65527 4.52145e-08 4.31891e-08 1.47159
58378.65527 58381.65527 3.09453e-08 3.10373e-08 2.75757
58381.65527 58384.65527 7.15967e-08 4.62305e-08 4.38911
58384.65527 58387.65527 9.53990e-08 4.96955e-08 11.82000
58387.65527 58390.65527 2.02807e-11 1.59738e-12 -0.00009
58390.65527 58393.65527 1.67554e-08 4.08862e-08 0.19833
58393.65527 58396.65527 2.02807e-11 2.80021e-13 -0.00110
58396.65527 58399.65527 3.80694e-08 3.65294e-08 2.97133
58414.65527 58417.65527 2.65348e-08 3.40926e-08 0.87227
58417.65527 58420.65527 3.56093e-08 2.52058e-08 3.21153
58420.65527 58423.65527 9.37520e-08 3.38294e-08 23.18620
58438.65527 58441.65527 6.59479e-08 6.23641e-08 1.71284
58441.65527 58444.65527 6.84326e-08 4.13163e-08 4.76854
58444.65527 58447.65527 2.63225e-08 3.35623e-08 0.79681
58447.65527 58450.65527 4.18101e-08 3.73431e-08 1.99649
58450.65527 58453.65527 1.31927e-08 1.87691e-08 0.83779
58453.65527 58456.65527 8.41686e-08 3.86876e-08 13.49780
