# TStart[MJD] TEnd[MJD] Flux[ph/cm^2/s] Flux_error[ph/cm^22/s] TS
54682.65527 54689.65527 3.38448e-08 2.22007e-08 7.92431
54689.65527 54696.65527 7.36445e-08 2.85114e-08 14.83770
54696.65527 54703.65527 8.95364e-08 2.56926e-08 28.64080
54703.65527 54710.65527 1.32576e-07 2.53761e-08 72.28490
54710.65527 54717.65527 6.00115e-08 1.81813e-08 25.22650
54717.65527 54724.65527 1.16115e-07 2.54506e-08 75.17980
54724.65527 54731.65527 7.79312e-08 2.31313e-08 27.74300
54731.65527 54738.65527 9.91741e-08 2.63687e-08 31.09870
54738.65527 54745.65527 3.19772e-08 2.07310e-08 4.64382
54745.65527 54752.65527 4.02241e-08 1.98985e-08 8.13198
54752.65527 54759.65527 7.50659e-08 1.97489e-08 45.17180
54759.65527 54766.65527 1.13049e-07 2.26754e-08 62.21630
54766.65527 54773.65527 6.49682e-08 1.88858e-08 34.37630
54773.65527 54780.65527 5.90513e-08 2.11573e-08 16.37290
54780.65527 54787.65527 1.20410e-07 2.64674e-08 52.84440
54787.65527 54794.65527 8.95606e-08 2.67657e-08 29.28180
54794.65527 54801.65527 1.18139e-07 2.88809e-08 53.20730
54801.65527 54808.65527 9.94980e-08 2.67065e-08 33.07090
54808.65527 54815.65527 1.38128e-07 2.56660e-08 88.73350
54815.65527 54822.65527 1.13269e-07 2.43195e-08 71.20770
54822.65527 54829.65527 9.25511e-08 2.12755e-08 51.11420
54829.65527 54836.65527 1.51150e-07 2.62768e-08 112.12100
54836.65527 54843.65527 1.49515e-07 2.93339e-08 76.86780
54843.65527 54850.65527 1.58437e-07 3.03877e-08 102.02500
54850.65527 54857.65527 1.29159e-07 2.99418e-08 51.62780
54857.65527 54864.65527 2.32257e-08 1.57964e-08 5.45047
54864.65527 54871.65527 5.09691e-08 2.10781e-08 11.95230
54871.65527 54878.65527 8.25196e-08 2.14452e-08 40.27210
54878.65527 54885.65527 9.36251e-08 2.21283e-08 46.64410
54885.65527 54892.65527 3.54674e-08 1.74060e-08 7.23073
54892.65527 54899.65527 6.71370e-08 2.13134e-08 25.60030
54899.65527 54906.65527 1.64343e-07 6.64700e-08 32.31600
54906.65527 54913.65527 1.24397e-07 2.61751e-08 85.78400
54913.65527 54920.65527 1.22043e-07 2.45220e-08 79.42610
54920.65527 54927.65527 9.29814e-08 2.25930e-08 62.96060
54927.65527 54934.65527 5.95872e-08 1.92406e-08 24.91530
54934.65527 54941.65527 1.44534e-07 2.40106e-08 121.95600
54941.65527 54948.65527 1.89817e-07 2.97607e-08 131.72600
54948.65527 54955.65527 1.03764e-07 2.82893e-08 38.92200
54955.65527 54962.65527 7.56233e-08 2.63876e-08 23.13450
54962.65527 54969.65527 4.05460e-08 1.85420e-08 12.09410
54969.65527 54976.65527 1.81252e-08 1.32889e-08 3.15887
54976.65527 54983.65527 7.37879e-08 2.02605e-08 33.64990
54983.65527 54990.65527 6.28816e-08 1.71202e-08 44.02790
54990.65527 54997.65527 6.27866e-08 2.07866e-08 21.42040
54997.65527 55004.65527 6.89551e-08 2.25894e-08 25.32330
55004.65527 55011.65527 5.42745e-08 2.13366e-08 16.89030
55011.65527 55018.65527 1.42257e-08 1.62153e-08 1.07777
55018.65527 55025.65527 3.21068e-08 1.73712e-08 6.43302
55025.65527 55032.65527 6.97604e-08 1.99783e-08 30.67360
55032.65527 55039.65527 2.80945e-08 1.96245e-08 3.58249
55039.65527 55046.65527 2.14779e-08 1.34306e-08 5.06138
55046.65527 55053.65527 2.65192e-08 1.61502e-08 5.60851
55053.65527 55060.65527 1.86681e-08 1.37432e-08 3.86623
55060.65527 55067.65527 2.45588e-12 1.95136e-13 -0.00030
55067.65527 55074.65527 4.92053e-09 2.02614e-08 0.07387
55074.65527 55081.65527 2.45588e-12 3.44632e-14 -0.00010
55081.65527 55088.65527 1.76175e-07 3.39759e-08 76.26750
55088.65527 55095.65527 9.25291e-08 2.76556e-08 40.24260
55095.65527 55102.65527 3.57873e-08 1.78345e-08 9.38898
55102.65527 55109.65527 4.27227e-08 1.92230e-08 15.07040
55109.65527 55116.65527 2.80305e-08 1.51764e-08 7.85815
55116.65527 55123.65527 5.14976e-08 2.05202e-08 14.69970
55123.65527 55130.65527 5.08453e-08 2.07831e-08 13.74730
55130.65527 55137.65527 8.49890e-08 2.70189e-08 24.44240
55137.65527 55144.65527 3.31289e-08 2.13763e-08 13.14550
55144.65527 55151.65527 8.96947e-08 2.74280e-08 27.28840
55151.65527 55158.65527 9.58033e-08 2.67421e-08 33.79550
55158.65527 55165.65527 1.15330e-07 2.73520e-08 41.99420
55165.65527 55172.65527 1.60759e-07 2.99495e-08 107.64000
55172.65527 55179.65527 4.45601e-08 1.93290e-08 12.70080
55179.65527 55186.65527 6.35607e-08 2.24462e-08 18.70810
55186.65527 55193.65527 1.10163e-07 2.80361e-08 44.45240
55193.65527 55200.65527 5.94812e-08 2.48598e-08 19.11500
55200.65527 55207.65527 8.15706e-09 1.82399e-08 0.22865
55207.65527 55214.65527 6.43136e-08 2.37217e-08 23.96840
55214.65527 55221.65527 9.75179e-08 2.61457e-08 37.11670
55221.65527 55228.65527 7.78371e-08 2.36218e-08 24.61330
55228.65527 55235.65527 4.43390e-08 1.79492e-08 19.44840
55235.65527 55242.65527 8.30283e-08 2.67669e-08 31.07390
55242.65527 55249.65527 7.41658e-08 2.41769e-08 22.32400
55249.65527 55256.65527 1.68726e-07 3.18379e-08 78.14900
55256.65527 55263.65527 2.27568e-08 1.99588e-08 1.87612
55263.65527 55270.65527 1.74294e-07 3.07945e-08 106.39700
55270.65527 55277.65527 2.55113e-07 3.57766e-08 177.49600
55277.65527 55284.65527 1.51097e-07 2.95321e-08 77.56610
55284.65527 55291.65527 1.84407e-07 2.90309e-08 144.90400
55291.65527 55298.65527 1.57582e-07 3.70316e-08 61.99170
55298.65527 55305.65527 1.77875e-07 3.05315e-08 113.41300
55305.65527 55312.65527 3.61242e-08 1.87455e-08 8.61176
55312.65527 55319.65527 7.73718e-08 2.40896e-08 21.24950
55319.65527 55326.65527 5.39864e-08 1.88346e-08 27.68530
55326.65527 55333.65527 8.07136e-08 2.47860e-08 22.92270
55333.65527 55340.65527 1.79012e-07 3.08288e-08 106.87000
55340.65527 55347.65527 1.82545e-07 3.10775e-08 118.52500
55347.65527 55354.65527 3.12115e-07 3.80079e-08 226.74500
55354.65527 55361.65527 2.70134e-07 3.57815e-08 205.79900
55361.65527 55368.65527 4.82099e-07 5.09867e-08 399.37500
55368.65527 55375.65527 3.84749e-07 3.97010e-08 391.39200
55375.65527 55382.65527 3.66971e-07 4.24872e-08 327.28900
55382.65527 55389.65527 1.52384e-07 2.78627e-08 97.60830
55389.65527 55396.65527 1.07333e-07 2.46999e-08 66.12080
55396.65527 55403.65527 1.22985e-07 2.71919e-08 67.13200
55403.65527 55410.65527 1.19067e-07 2.82780e-08 45.68080
55410.65527 55417.65527 1.90692e-07 3.38414e-08 98.91820
55417.65527 55424.65527 4.49273e-07 4.38555e-08 378.29300
55424.65527 55431.65527 7.70849e-07 5.43710e-08 915.19500
55431.65527 55438.65527 9.63437e-07 6.00661e-08 1133.63000
55438.65527 55445.65527 5.86725e-07 4.80219e-08 641.26900
55445.65527 55452.65527 3.81959e-07 4.16125e-08 343.17500
55452.65527 55459.65527 2.88160e-07 4.02553e-08 183.38800
55459.65527 55466.65527 2.92660e-07 4.72898e-08 121.90800
55466.65527 55473.65527 3.82794e-07 4.31286e-08 295.89400
55473.65527 55480.65527 3.09635e-07 3.87458e-08 276.13300
55480.65527 55487.65527 2.14386e-07 3.33477e-08 158.23500
55487.65527 55494.65527 2.21767e-07 3.43215e-08 153.36000
55494.65527 55501.65527 1.86536e-07 2.92162e-08 144.76800
55501.65527 55508.65527 1.84292e-07 3.18583e-08 114.39400
55508.65527 55515.65527 2.13780e-07 3.65164e-08 97.19990
55515.65527 55522.65527 2.16670e-07 3.85525e-08 95.58520
55522.65527 55529.65527 1.69083e-07 3.19056e-08 77.77180
55529.65527 55536.65527 2.99419e-07 3.53801e-08 294.30000
55536.65527 55543.65527 4.43570e-07 4.18471e-08 498.16400
55543.65527 55550.65527 3.47245e-07 3.89203e-08 313.33900
55550.65527 55557.65527 3.94146e-07 3.98747e-08 414.87100
55557.65527 55564.65527 3.54594e-07 4.69129e-08 186.92100
55564.65527 55571.65527 2.57530e-07 3.91993e-08 129.91300
55571.65527 55578.65527 1.36052e-07 3.16269e-08 50.46250
55578.65527 55585.65527 2.28367e-07 3.49540e-08 129.82500
55585.65527 55592.65527 9.26484e-08 2.53713e-08 34.67330
55592.65527 55599.65527 9.85873e-08 2.47671e-08 38.56450
55599.65527 55606.65527 5.85389e-08 2.11943e-08 20.89530
55606.65527 55613.65527 9.59791e-08 2.59215e-08 29.49380
55613.65527 55620.65527 8.79732e-08 2.86077e-08 31.88780
55620.65527 55627.65527 1.01264e-08 1.42453e-08 0.85956
55627.65527 55634.65527 1.58487e-08 2.29545e-08 0.57628
55634.65527 55641.65527 4.04527e-08 2.06365e-08 9.17235
55641.65527 55648.65527 1.05600e-07 2.67838e-08 44.12160
55648.65527 55655.65527 5.36445e-08 2.13047e-08 14.40190
55655.65527 55662.65527 5.67922e-08 2.08898e-08 18.09830
55662.65527 55669.65527 3.63094e-08 2.48786e-08 5.54690
55669.65527 55676.65527 7.17898e-08 2.39198e-08 27.37720
55676.65527 55683.65527 6.04674e-08 2.55170e-08 11.46870
55683.65527 55690.65527 5.21459e-08 2.27630e-08 10.44730
55690.65527 55697.65527 5.49807e-09 9.09874e-09 0.62554
55697.65527 55704.65527 9.97852e-08 2.36567e-08 53.22270
55704.65527 55711.65527 5.74083e-08 1.95391e-08 21.96200
55711.65527 55718.65527 3.07626e-08 1.68121e-08 13.07740
55718.65527 55725.65527 5.14694e-08 2.31888e-08 9.35620
55725.65527 55732.65527 4.80693e-08 2.18743e-08 16.07060
55732.65527 55739.65527 3.35221e-08 2.18625e-08 4.54573
55739.65527 55746.65527 2.45588e-12 5.12736e-13 -0.00006
55746.65527 55753.65527 1.41532e-08 1.32349e-08 1.93232
55753.65527 55760.65527 9.24227e-08 2.57480e-08 39.51300
55760.65527 55767.65527 1.75641e-07 3.08446e-08 99.48140
55767.65527 55774.65527 1.28340e-07 2.76803e-08 53.31830
55774.65527 55781.65527 8.64926e-08 2.83827e-08 28.00680
55781.65527 55788.65527 8.48597e-08 2.62918e-08 21.65860
55788.65527 55795.65527 1.33462e-07 3.04811e-08 49.05450
55795.65527 55802.65527 5.42581e-08 2.35863e-08 8.97058
55802.65527 55809.65527 2.72779e-08 2.09714e-08 3.86688
55809.65527 55816.65527 8.10590e-08 1.95630e-08 36.78300
55816.65527 55823.65527 1.53340e-08 1.50997e-08 1.56193
55823.65527 55830.65527 5.66629e-08 2.18738e-08 21.06560
55830.65527 55837.65527 1.91159e-07 3.55680e-08 91.09970
55837.65527 55844.65527 2.00053e-07 3.39135e-08 125.36800
55844.65527 55851.65527 3.47269e-07 4.04191e-08 264.39100
55851.65527 55858.65527 2.89765e-07 3.80778e-08 202.64300
55858.65527 55865.65527 1.51419e-07 2.68647e-08 116.85100
55865.65527 55872.65527 3.77892e-08 2.01661e-08 6.88995
55872.65527 55879.65527 1.76723e-07 3.02112e-08 119.60900
55879.65527 55886.65527 5.15034e-08 2.11839e-08 15.71030
55886.65527 55893.65527 5.24318e-08 2.06302e-08 17.07920
55893.65527 55900.65527 5.64541e-08 1.99319e-08 25.55920
55900.65527 55907.65527 2.95780e-08 1.49372e-08 8.39230
55907.65527 55914.65527 2.39450e-08 1.62868e-08 3.65156
55914.65527 55921.65527 1.50470e-08 1.31227e-08 2.39731
55921.65527 55928.65527 1.49208e-08 1.28571e-08 2.88786
55928.65527 55935.65527 2.21293e-08 1.77364e-08 2.31409
55935.65527 55942.65527 2.45588e-12 4.99391e-15 -0.00050
55942.65527 55949.65527 1.45336e-08 1.63902e-08 1.07843
55949.65527 55956.65527 8.84908e-09 1.38193e-08 0.61872
55956.65527 55963.65527 7.17721e-08 2.34267e-08 34.15080
55963.65527 55970.65527 2.45588e-12 1.45638e-13 -0.00008
55970.65527 55977.65527 3.41838e-08 2.00467e-08 8.80534
55977.65527 55984.65527 3.88987e-08 2.19723e-08 6.61111
55984.65527 55991.65527 8.96483e-08 2.49783e-08 36.17630
55991.65527 55998.65527 1.46321e-07 3.24395e-08 69.04200
55998.65527 56005.65527 3.37899e-08 1.73115e-08 8.81263
56005.65527 56012.65527 5.92238e-08 2.52886e-08 8.91268
56012.65527 56019.65527 5.89016e-08 2.25517e-08 13.98010
56019.65527 56026.65527 1.18828e-07 2.65630e-08 64.71280
56026.65527 56033.65527 1.20020e-07 2.61414e-08 52.56820
56033.65527 56040.65527 1.19676e-07 2.76351e-08 63.89390
56040.65527 56047.65527 7.26851e-08 2.55267e-08 21.32780
56047.65527 56054.65527 1.16477e-07 2.83052e-08 66.23150
56054.65527 56061.65527 5.79381e-08 2.41105e-08 15.66140
56061.65527 56068.65527 9.81895e-08 2.45670e-08 56.44820
56068.65527 56075.65527 1.99771e-07 3.08359e-08 161.12400
56075.65527 56082.65527 1.62080e-07 2.96974e-08 94.00580
56082.65527 56089.65527 8.68387e-08 2.21463e-08 44.10840
56089.65527 56096.65527 9.98111e-08 2.55848e-08 48.64740
56096.65527 56103.65527 2.92051e-07 4.12944e-08 153.80200
56103.65527 56110.65527 1.29493e-07 2.89706e-08 74.00960
56110.65527 56117.65527 5.21263e-08 2.31574e-08 21.99900
56117.65527 56124.65527 8.56453e-08 2.26195e-08 63.27070
56124.65527 56131.65527 2.18493e-07 3.21369e-08 184.17800
56131.65527 56138.65527 1.37158e-07 2.69011e-08 80.32000
56138.65527 56145.65527 1.11902e-07 2.42316e-08 90.88520
56145.65527 56152.65527 4.53417e-08 2.16013e-08 13.93190
56152.65527 56159.65527 1.90647e-08 1.62458e-08 2.59846
56159.65527 56166.65527 6.33200e-08 2.22464e-08 25.60980
56166.65527 56173.65527 2.21336e-08 1.56641e-08 4.57126
56173.65527 56180.65527 4.62772e-08 2.08775e-08 10.05510
56180.65527 56187.65527 3.04911e-08 1.79068e-08 5.10954
56187.65527 56194.65527 4.43495e-08 1.88681e-08 15.32160
56194.65527 56201.65527 3.34293e-08 2.42695e-08 4.55125
56201.65527 56208.65527 4.49970e-08 2.12522e-08 12.81340
56208.65527 56215.65527 2.88053e-08 1.70111e-08 5.37208
56215.65527 56222.65527 8.01521e-08 2.28048e-08 34.76290
56222.65527 56229.65527 4.56014e-08 2.04577e-08 7.71108
56229.65527 56236.65527 2.45588e-12 2.41194e-14 -0.00017
56236.65527 56243.65527 2.81805e-08 1.50894e-08 7.79316
56243.65527 56250.65527 1.15131e-08 1.34409e-08 1.18224
56250.65527 56257.65527 5.81875e-09 1.16907e-08 0.31977
56257.65527 56264.65527 1.50383e-08 1.48763e-08 1.49295
56264.65527 56271.65527 2.45588e-12 7.66278e-14 -0.00001
56271.65527 56278.65527 1.34042e-08 1.28392e-08 1.88188
56278.65527 56285.65527 1.24333e-08 1.63997e-08 0.79789
56285.65527 56292.65527 4.63756e-11 1.47784e-09 0.00002
56292.65527 56299.65527 2.04873e-08 1.74093e-08 2.12862
56299.65527 56306.65527 1.60672e-08 1.34774e-08 2.97835
56306.65527 56313.65527 3.19900e-08 2.02397e-08 4.13148
56313.65527 56320.65527 2.45588e-12 1.03579e-14 -0.00044
56320.65527 56327.65527 3.04582e-08 1.76126e-08 8.02276
56327.65527 56334.65527 1.07753e-07 2.70254e-08 62.74680
56334.65527 56341.65527 1.44294e-07 2.78878e-08 97.66910
56341.65527 56348.65527 1.56747e-07 2.90842e-08 90.50860
56348.65527 56355.65527 4.43591e-08 1.95044e-08 10.42210
56355.65527 56362.65527 5.87329e-08 2.45422e-08 16.58780
56362.65527 56369.65527 1.47910e-07 3.15932e-08 64.01800
56369.65527 56376.65527 1.41461e-07 3.15735e-08 59.46410
56376.65527 56383.65527 1.37952e-07 3.23974e-08 50.27890
56383.65527 56390.65527 1.03655e-07 2.45979e-08 57.43110
56390.65527 56397.65527 9.91461e-08 2.34198e-08 63.35650
56397.65527 56404.65527 4.14988e-08 1.96458e-08 10.62880
56404.65527 56411.65527 4.41468e-08 1.89717e-08 15.09850
56411.65527 56418.65527 1.18558e-07 2.91739e-08 49.81660
56418.65527 56425.65527 9.00056e-08 3.12312e-08 18.90380
56425.65527 56432.65527 2.45588e-12 3.67335e-14 -0.00030
56432.65527 56439.65527 3.42234e-08 1.77536e-08 12.26520
56439.65527 56446.65527 2.87149e-08 2.02777e-08 3.24413
56446.65527 56453.65527 2.92385e-08 1.92573e-08 3.62004
56453.65527 56460.65527 4.83360e-08 1.97590e-08 13.52330
56460.65527 56467.65527 1.17700e-08 1.58458e-08 0.78770
56467.65527 56474.65527 3.14603e-08 1.83905e-08 5.24673
56474.65527 56481.65527 5.18269e-08 2.44664e-08 10.06140
56481.65527 56488.65527 1.85014e-08 2.15658e-08 1.08097
56488.65527 56495.65527 5.85773e-09 1.43841e-08 0.21223
56495.65527 56502.65527 1.66760e-08 1.25739e-08 4.34896
56502.65527 56509.65527 6.69959e-08 2.39233e-08 19.59790
56509.65527 56516.65527 3.47087e-08 1.72889e-08 12.64840
56516.65527 56523.65527 4.01376e-08 2.09876e-08 10.77350
56523.65527 56530.65527 2.45588e-12 1.02522e-14 -0.00040
56530.65527 56537.65527 5.34360e-08 2.46093e-08 9.00600
56537.65527 56544.65527 2.89165e-08 1.56830e-08 10.68660
56544.65527 56551.65527 2.45588e-12 1.89731e-15 -0.00025
56551.65527 56558.65527 5.28483e-08 2.14801e-08 14.60770
56558.65527 56565.65527 1.35941e-08 1.72799e-08 0.76857
56565.65527 56572.65527 1.89260e-08 1.66112e-08 1.90739
56572.65527 56579.65527 2.45588e-12 1.10989e-13 -0.00015
56579.65527 56586.65527 2.45588e-12 4.03509e-14 -0.00019
56586.65527 56593.65527 3.53721e-09 1.43061e-08 0.06688
56593.65527 56600.65527 1.98526e-08 1.52844e-08 2.62084
56600.65527 56607.65527 1.24795e-08 1.18489e-08 1.91751
56607.65527 56614.65527 2.22309e-08 1.68827e-08 4.81575
56614.65527 56621.65527 4.01323e-08 1.83617e-08 12.46690
56621.65527 56628.65527 2.45589e-12 5.05935e-13 -0.00002
56628.65527 56635.65527 1.06132e-08 2.04964e-08 0.35854
56635.65527 56642.65527 9.29876e-09 1.93780e-08 0.30568
56642.65527 56649.65527 2.00255e-08 1.69941e-08 3.05413
56649.65527 56656.65527 6.54556e-09 1.02862e-08 0.66742
56656.65527 56663.65527 4.18659e-08 2.38488e-08 7.79519
56663.65527 56670.65527 2.45589e-12 4.01278e-13 -0.00000
56670.65527 56677.65527 2.43712e-09 1.46021e-08 0.03469
56677.65527 56684.65527 2.63074e-08 1.74375e-08 4.64743
56684.65527 56691.65527 2.45588e-12 2.23861e-15 -0.00049
56691.65527 56698.65527 2.45588e-12 7.22171e-14 -0.00026
56698.65527 56705.65527 6.31022e-09 1.37303e-08 0.27508
56705.65527 56712.65527 2.82111e-08 1.72328e-08 5.52919
56712.65527 56719.65527 8.00298e-08 4.80540e-08 5.55577
56719.65527 56726.65527 2.26537e-08 2.15887e-08 2.11155
56726.65527 56733.65527 1.44425e-09 1.73707e-08 0.00777
56733.65527 56740.65527 5.82742e-08 2.55804e-08 12.02520
56740.65527 56747.65527 7.25943e-08 2.92338e-08 16.58050
56747.65527 56754.65527 2.18602e-08 1.26752e-08 5.19181
56754.65527 56761.65527 2.77373e-08 2.05846e-08 2.87088
56761.65527 56768.65527 4.91540e-08 2.51994e-08 8.33291
56768.65527 56775.65527 1.63136e-07 3.53430e-08 69.25680
56775.65527 56782.65527 7.74745e-08 2.31331e-08 33.29560
56782.65527 56789.65527 1.05708e-07 2.82825e-08 33.07710
56789.65527 56796.65527 1.07849e-07 2.77115e-08 57.75270
56796.65527 56803.65527 1.79283e-07 3.46362e-08 88.03330
56803.65527 56810.65527 1.90158e-07 3.78901e-08 72.87940
56810.65527 56817.65527 1.00748e-07 3.90242e-08 16.04370
56817.65527 56824.65527 1.67299e-07 7.43295e-08 21.11540
56824.65527 56831.65527 2.40145e-07 3.76631e-08 136.76700
56831.65527 56838.65527 2.18557e-07 3.78043e-08 139.59400
56838.65527 56845.65527 1.23247e-07 2.91304e-08 47.24120
56845.65527 56852.65527 1.27918e-07 3.37524e-08 34.62910
56852.65527 56859.65527 6.43273e-08 2.80768e-08 14.44930
56859.65527 56866.65527 9.43469e-08 3.15330e-08 20.35940
56866.65527 56873.65527 2.76764e-08 1.91145e-08 6.11950
56873.65527 56880.65527 1.74106e-08 1.85248e-08 1.89997
56880.65527 56887.65527 2.45588e-12 5.58599e-14 -0.00024
56887.65527 56894.65527 2.45594e-12 2.01513e-12 -0.00013
56894.65527 56901.65527 4.31638e-08 2.18633e-08 10.08980
56901.65527 56908.65527 1.37150e-08 1.96006e-08 0.69640
56908.65527 56915.65527 5.52716e-08 2.51319e-08 9.67850
56915.65527 56922.65527 3.54959e-08 1.98320e-08 8.49032
56922.65527 56929.65527 1.84140e-08 2.10395e-08 1.17298
56929.65527 56936.65527 1.08438e-09 8.06343e-09 0.00382
56936.65527 56943.65527 2.45588e-12 2.20041e-15 -0.00057
56943.65527 56950.65527 2.45588e-12 5.66499e-14 -0.00026
56950.65527 56957.65527 2.83116e-08 2.24698e-08 2.82123
56957.65527 56964.65527 2.21353e-09 1.65588e-08 0.01858
56964.65527 56971.65527 4.25071e-08 2.12059e-08 9.77301
56971.65527 56978.65527 1.85874e-08 1.23147e-08 8.93630
56978.65527 56985.65527 4.01572e-08 2.39377e-08 9.19680
56985.65527 56992.65527 2.41035e-08 1.57394e-08 10.79210
56992.65527 56999.65527 2.97275e-08 1.93504e-08 5.37436
56999.65527 57006.65527 2.28028e-08 1.51379e-08 8.46754
57006.65527 57013.65527 9.47784e-08 2.29587e-08 60.72410
57013.65527 57020.65527 1.65399e-07 2.94851e-08 104.02300
57020.65527 57027.65527 1.11134e-07 2.46523e-08 53.07580
57027.65527 57034.65527 6.86969e-08 2.30444e-08 23.98210
57034.65527 57041.65527 7.97810e-08 2.41532e-08 23.42960
57041.65527 57048.65527 1.30472e-07 2.68051e-08 64.12840
57048.65527 57055.65527 1.67906e-07 3.20908e-08 79.74410
57055.65527 57062.65527 1.24014e-07 2.92958e-08 55.45630
57062.65527 57069.65527 9.26615e-08 2.83647e-08 22.62710
57069.65527 57076.65527 7.48994e-08 2.41349e-08 37.76930
57076.65527 57083.65527 7.72641e-08 2.36917e-08 24.23210
57083.65527 57090.65527 6.91139e-08 2.41337e-08 17.83270
57090.65527 57097.65527 6.65587e-08 2.54627e-08 19.44910
57097.65527 57104.65527 1.02555e-07 3.37348e-08 22.97970
57104.65527 57111.65527 8.98604e-08 2.93756e-08 26.90890
57111.65527 57118.65527 7.22750e-08 2.98158e-08 13.37710
57118.65527 57125.65527 1.19148e-07 2.92779e-08 41.87510
57125.65527 57132.65527 6.00650e-08 2.15960e-08 24.20630
57132.65527 57139.65527 1.45778e-07 2.84234e-08 89.06550
57139.65527 57146.65527 3.24399e-07 3.83677e-08 253.61200
57146.65527 57153.65527 2.58585e-07 3.35855e-08 182.10600
57153.65527 57160.65527 2.27435e-07 3.69804e-08 127.10700
57160.65527 57167.65527 9.79109e-08 2.95660e-08 23.41820
57167.65527 57174.65527 4.64902e-08 2.07088e-08 11.68610
57174.65527 57181.65527 1.29343e-07 3.05762e-08 48.18890
57181.65527 57188.65527 1.94361e-07 3.51471e-08 115.03800
57188.65527 57195.65527 2.09725e-07 2.93043e-08 177.21700
57195.65527 57202.65527 1.91156e-07 3.07676e-08 118.28000
57202.65527 57209.65527 1.87086e-07 3.16230e-08 127.15700
57209.65527 57216.65527 1.37541e-07 2.89946e-08 76.18390
57216.65527 57223.65527 1.04759e-07 2.81359e-08 42.84860
57223.65527 57230.65527 7.62598e-08 2.70840e-08 17.63000
57230.65527 57237.65527 4.27665e-08 1.98479e-08 11.02480
57237.65527 57244.65527 9.28205e-08 2.33699e-08 52.89700
57244.65527 57251.65527 1.51084e-07 2.73459e-08 100.63300
57251.65527 57258.65527 9.95255e-08 2.51287e-08 43.56700
57258.65527 57265.65527 1.92184e-07 3.26836e-08 97.99070
57265.65527 57272.65527 1.37654e-07 3.52606e-08 45.49750
57272.65527 57279.65527 9.91610e-08 3.01216e-08 27.90070
57279.65527 57286.65527 8.60934e-08 2.63520e-08 28.38780
57286.65527 57293.65527 1.07544e-07 2.62303e-08 50.05800
57293.65527 57300.65527 1.39937e-07 2.95016e-08 67.21510
57300.65527 57307.65527 1.11451e-07 2.69281e-08 43.95310
57307.65527 57314.65527 1.11554e-07 2.44441e-08 73.99920
57314.65527 57321.65527 4.38874e-08 2.07201e-08 9.85637
57321.65527 57328.65527 5.74265e-08 2.09999e-08 20.16890
57328.65527 57335.65527 7.38663e-08 2.21650e-08 27.60590
57335.65527 57342.65527 2.30428e-07 3.19262e-08 149.33600
57342.65527 57349.65527 7.80998e-07 5.08514e-08 1107.95000
57349.65527 57356.65527 7.24653e-07 5.10958e-08 988.07500
57356.65527 57363.65527 2.29425e-07 3.36099e-08 165.45900
57363.65527 57370.65527 1.99350e-07 3.05415e-08 133.18100
57370.65527 57377.65527 2.66738e-07 3.44481e-08 217.31500
57377.65527 57384.65527 4.10304e-07 3.99752e-08 378.85400
57384.65527 57391.65527 1.67951e-07 2.89260e-08 140.12200
57391.65527 57398.65527 1.00611e-07 2.84101e-08 35.95440
57398.65527 57405.65527 1.69591e-07 3.31941e-08 84.86360
57405.65527 57412.65527 3.19940e-07 3.70813e-08 265.92900
57412.65527 57419.65527 6.68155e-08 2.28332e-08 19.54660
57419.65527 57426.65527 1.01055e-07 2.53525e-08 50.62410
57426.65527 57433.65527 1.46374e-07 2.87378e-08 69.31350
57433.65527 57440.65527 1.31174e-07 3.29072e-08 37.92640
57440.65527 57447.65527 1.95487e-07 3.33833e-08 111.98400
57447.65527 57454.65527 3.85725e-07 4.00604e-08 340.53000
57454.65527 57461.65527 2.38149e-07 3.55516e-08 164.21500
57461.65527 57468.65527 1.37220e-07 2.73051e-08 85.30390
57468.65527 57475.65527 1.11069e-07 2.60550e-08 45.16450
57475.65527 57482.65527 1.03563e-07 2.74815e-08 43.93710
57482.65527 57489.65527 5.63240e-08 2.22590e-08 16.02100
57489.65527 57496.65527 6.09696e-08 2.36263e-08 14.77940
57496.65527 57503.65527 4.33157e-08 1.98931e-08 12.41990
57503.65527 57510.65527 2.22174e-07 3.28837e-08 127.43800
57510.65527 57517.65527 2.14709e-07 3.27765e-08 154.45100
57517.65527 57524.65527 2.01484e-07 3.38404e-08 112.75600
57524.65527 57531.65527 2.19699e-08 2.43132e-08 1.07528
57531.65527 57538.65527 3.40903e-08 2.05861e-08 6.33688
57538.65527 57545.65527 5.42202e-08 2.51047e-08 9.67402
57545.65527 57552.65527 1.55528e-07 3.02605e-08 83.83490
57552.65527 57559.65527 2.49144e-07 3.64325e-08 145.76000
57559.65527 57566.65527 2.68920e-07 4.03481e-08 173.83500
57566.65527 57573.65527 2.83335e-07 3.47623e-08 271.85000
57573.65527 57580.65527 4.43069e-08 2.13574e-08 9.17761
57580.65527 57587.65527 6.10101e-08 2.36322e-08 14.13600
57587.65527 57594.65527 2.06741e-07 3.88332e-08 101.06000
57594.65527 57601.65527 9.34521e-08 2.60411e-08 34.92520
57608.65527 57615.65527 1.14393e-07 2.57354e-08 60.64650
57615.65527 57622.65527 8.96286e-08 2.39010e-08 28.12110
57622.65527 57629.65527 4.55572e-08 1.95558e-08 14.08830
57629.65527 57636.65527 6.64499e-08 2.39601e-08 14.67020
57636.65527 57643.65527 2.82246e-10 4.33183e-09 0.00027
57643.65527 57650.65527 2.56919e-08 2.01197e-08 2.84217
57650.65527 57657.65527 3.09326e-08 1.90168e-08 4.44095
57657.65527 57664.65527 2.45588e-12 7.01752e-14 -0.00012
57664.65527 57671.65527 1.05849e-08 1.62331e-08 0.57403
57671.65527 57678.65527 3.65968e-08 2.20265e-08 4.57951
57678.65527 57685.65527 1.98669e-08 1.83214e-08 4.47325
57685.65527 57692.65527 8.97650e-08 3.14324e-08 21.42380
57692.65527 57699.65527 1.16656e-07 2.97771e-08 40.19650
57699.65527 57706.65527 6.82956e-08 2.78183e-08 15.21010
57706.65527 57713.65527 1.56778e-07 2.83241e-08 112.31600
57713.65527 57720.65527 2.61217e-07 3.55212e-08 198.02600
57720.65527 57727.65527 2.23875e-07 3.26661e-08 165.14700
57727.65527 57734.65527 1.75642e-07 2.90692e-08 121.83000
57734.65527 57741.65527 1.87377e-07 3.46192e-08 89.20840
57741.65527 57748.65527 3.26493e-07 4.21061e-08 216.96900
57748.65527 57755.65527 3.94844e-07 4.57478e-08 306.97700
57755.65527 57762.65527 1.93125e-07 3.49302e-08 101.39700
57762.65527 57769.65527 1.17692e-07 2.77435e-08 48.39930
57769.65527 57776.65527 1.54731e-07 2.76845e-08 126.67000
57776.65527 57783.65527 8.23855e-08 2.39762e-08 35.57320
57783.65527 57790.65527 8.50438e-08 2.27182e-08 45.09150
57790.65527 57797.65527 1.39069e-07 3.02980e-08 53.74370
57797.65527 57804.65527 7.82955e-08 2.58537e-08 22.80830
57804.65527 57811.65527 1.20317e-07 2.89570e-08 43.17520
57811.65527 57818.65527 4.51698e-08 1.84610e-08 19.04940
57818.65527 57825.65527 7.99867e-08 2.52072e-08 24.66610
57825.65527 57832.65527 5.61222e-08 2.16001e-08 13.52620
57832.65527 57839.65527 2.53084e-08 1.78001e-08 3.14183
57839.65527 57846.65527 3.48087e-08 2.04600e-08 6.48767
57846.65527 57853.65527 2.77729e-08 1.17275e-08 9.01289
57853.65527 57860.65527 3.36434e-08 2.15028e-08 3.60638
57860.65527 57867.65527 2.24737e-08 1.80398e-08 4.29940
57867.65527 57874.65527 6.29503e-08 2.37692e-08 13.03950
57874.65527 57881.65527 1.32584e-07 2.80347e-08 57.83640
57881.65527 57888.65527 3.92326e-07 4.12306e-08 300.52800
57888.65527 57895.65527 2.64803e-07 3.44764e-08 215.74500
57895.65527 57902.65527 1.95804e-07 3.52959e-08 94.01730
57902.65527 57909.65527 1.27360e-07 3.12636e-08 46.55770
57909.65527 57916.65527 1.33033e-07 3.00963e-08 71.79130
57916.65527 57923.65527 1.56078e-07 3.34534e-08 66.32370
57923.65527 57930.65527 1.25828e-07 2.69094e-08 60.60720
57930.65527 57937.65527 1.63085e-07 3.50764e-08 65.22070
57937.65527 57944.65527 1.39983e-07 2.63274e-08 111.73300
57944.65527 57951.65527 6.99433e-07 5.26555e-08 757.85400
57951.65527 57958.65527 8.27436e-07 6.12241e-08 822.29800
57958.65527 57965.65527 2.63647e-07 3.84727e-08 167.64000
57965.65527 57972.65527 1.75510e-07 3.44472e-08 76.27330
57972.65527 57979.65527 1.54521e-07 2.85756e-08 93.62350
57979.65527 57986.65527 1.77291e-07 3.08059e-08 115.05100
57986.65527 57993.65527 1.17333e-07 2.63557e-08 59.19960
57993.65527 58000.65527 1.53219e-07 2.88154e-08 98.79800
58000.65527 58007.65527 1.61202e-07 3.06250e-08 85.61220
58007.65527 58014.65527 1.07221e-07 3.46957e-08 29.30140
58014.65527 58021.65527 1.36825e-07 3.02002e-08 57.21000
58021.65527 58028.65527 3.67804e-07 4.18823e-08 274.90000
58028.65527 58035.65527 3.43638e-07 3.95453e-08 257.08500
58035.65527 58042.65527 5.10739e-07 4.92731e-08 430.36000
58042.65527 58049.65527 8.24468e-07 5.51906e-08 1021.93000
58049.65527 58056.65527 1.10977e-06 6.30820e-08 1455.12000
58056.65527 58063.65527 1.86677e-06 7.75469e-08 2941.26000
58063.65527 58070.65527 1.76893e-06 7.22458e-08 3138.28000
58070.65527 58077.65527 1.29066e-06 6.20465e-08 2107.22000
58077.65527 58084.65527 1.35841e-06 6.36777e-08 2189.39000
58084.65527 58091.65527 1.14485e-06 6.18520e-08 1636.10000
58091.65527 58098.65527 1.23958e-06 6.52902e-08 1735.77000
58098.65527 58105.65527 1.64151e-06 7.06943e-08 2941.90000
58105.65527 58112.65527 9.11501e-07 5.57637e-08 1298.16000
58112.65527 58119.65527 4.53616e-07 4.31932e-08 442.05900
58119.65527 58126.65527 4.54845e-07 4.54451e-08 401.74400
58126.65527 58133.65527 6.35970e-07 4.98319e-08 698.41700
58133.65527 58140.65527 4.85075e-07 6.35192e-08 229.55800
58140.65527 58147.65527 2.80071e-07 4.21832e-08 143.87900
58147.65527 58154.65527 1.18882e-07 5.62718e-08 9.59203
58154.65527 58161.65527 2.09883e-07 3.61675e-08 110.19800
58161.65527 58168.65527 4.30622e-07 4.58932e-08 356.48100
58168.65527 58175.65527 4.83690e-07 4.76356e-08 465.97900
58175.65527 58182.65527 4.42392e-07 4.63659e-08 368.40000
58182.65527 58189.65527 2.09575e-07 3.63332e-08 118.23000
58189.65527 58196.65527 2.52769e-07 8.53749e-08 27.20840
58210.65527 58217.65527 2.68530e-07 1.82400e-07 5.47957
58217.65527 58224.65527 6.85762e-07 7.78664e-08 339.71100
58224.65527 58231.65527 3.79742e-07 5.38879e-08 181.18700
58231.65527 58238.65527 6.06489e-07 1.08909e-07 126.40800
58238.65527 58245.65527 5.06955e-07 3.15216e-08 960.60400
58245.65527 58252.65527 7.61963e-07 4.04414e-08 1575.84000
58252.65527 58259.65527 7.87751e-07 1.30210e-07 159.94500
58259.65527 58266.65527 5.91752e-07 3.61677e-08 1108.17000
58266.65527 58273.65527 3.16682e-07 3.29532e-08 331.85600
58273.65527 58280.65527 2.68053e-07 3.28224e-08 233.57900
58280.65527 58287.65527 2.20709e-07 4.87468e-08 66.06840
58287.65527 58294.65527 1.67809e-07 2.27351e-08 181.95600
58294.65527 58301.65527 2.76691e-08 6.60386e-08 0.24575
58301.65527 58308.65527 1.18799e-07 3.47848e-08 33.41200
58308.65527 58315.65527 1.51259e-07 2.46254e-08 117.27400
58315.65527 58322.65527 1.26064e-07 2.55978e-08 69.90730
58322.65527 58329.65527 1.51549e-07 3.60714e-08 54.77030
58329.65527 58336.65527 4.09619e-07 4.22883e-08 336.75400
58336.65527 58343.65527 1.71366e-07 2.64487e-08 141.25600
58343.65527 58350.65527 5.26870e-08 3.31794e-08 3.80214
58350.65527 58357.65527 7.19816e-08 7.17781e-08 3.93161
58357.65527 58364.65527 1.14203e-07 5.65465e-08 13.34450
58364.65527 58371.65527 3.18412e-07 1.50550e-07 13.94670
58371.65527 58378.65527 1.59896e-07 3.07268e-08 78.05770
58378.65527 58385.65527 1.44945e-07 2.90581e-08 67.06140
58385.65527 58392.65527 1.22942e-07 2.49015e-08 59.78700
58392.65527 58399.65527 1.59598e-07 2.87459e-08 87.67840
58413.65527 58420.65527 1.95469e-07 2.73666e-08 203.21300
58420.65527 58427.65527 2.57083e-07 4.58579e-08 101.65300
58434.65527 58441.65527 3.46111e-07 7.05518e-08 79.13520
58441.65527 58448.65527 1.91578e-07 2.64371e-08 157.52800
58448.65527 58455.65527 3.43149e-07 3.65919e-08 324.72300
58455.65527 58462.65527 2.71086e-07 3.22429e-08 267.24700
