57666.16547606 1.762631267451e-06 3.332743719654e-07 256.8300452
57666.16894828 1.157281608847e-06 2.87900455582e-07 253.7032929
57666.1724205 1.690090233598e-06 3.299631001502e-07 253.0459591
57666.17589272 1.554062556438e-06 3.202108346672e-07 252.8437253
57666.17936494 1.456831587426e-06 3.150322067688e-07 253.3150177
57666.18283717 1.830352254164e-06 3.385481765091e-07 252.7107584
57666.18630939 1.830344022273e-06 3.409315140845e-07 221.7425251
57666.18978161 1.735847039005e-06 3.339731590237e-07 256.403609
57666.19325383 1.827527235555e-06 3.347746672883e-07 256.6748193
57666.19672606 1.920513671865e-06 3.438467067597e-07 256.3327302
57666.20019828 1.939883852484e-06 3.469688656716e-07 256.3405625
57666.2036705 2.436128386311e-06 3.87293062042e-07 256.7015888
57666.20714272 2.405561884681e-06 3.988465375125e-07 222.9318303
57666.21061494 3.309454535471e-06 4.477333829388e-07 256.608805
57666.21408717 2.18145551887e-06 3.695439320322e-07 256.4378044
57666.21755939 2.426826663437e-06 3.761518013448e-07 256.518531
57666.22103161 2.764853480221e-06 4.128271822817e-07 256.6471477
57666.22450383 2.248074036565e-06 3.748863112239e-07 254.0482448
57666.22797606 1.538106949022e-06 3.394393825521e-07 227.9314811
57666.23144828 2.760825754323e-06 4.215086029979e-07 256.7840364
57666.2349205 2.279453244738e-06 3.92439808178e-07 257.0132364
57666.23839272 3.067849840864e-06 4.374923151498e-07 256.9845317
57666.24186494 2.973816155758e-06 4.217528752734e-07 257.0550887
57666.24533717 3.202336016756e-06 4.332736127376e-07 256.9524745
57666.24880939 3.5120944469e-06 5.000741949308e-07 229.4197501
57666.25228161 3.718358846748e-06 4.8356731891e-07 256.8567471
57666.25575383 2.940372259871e-06 4.328159916361e-07 256.9817475
57666.25922606 4.116174072339e-06 5.271851656807e-07 257.2504639
57666.26269828 3.811249392066e-06 4.93970895944e-07 257.5441802
57666.2661705 1.644718930737e-06 3.31739554471e-07 257.4893583
57666.26964272 9.466454575065e-07 2.836064847878e-07 230.6853739
57666.27311494 1.842681975983e-06 3.594203195272e-07 254.5231415
57666.27658717 1.387160083208e-06 3.145618502355e-07 254.5900533
57666.28005939 1.628116608618e-06 3.533453594086e-07 254.6559869
57666.28353161 1.144041107748e-06 2.934555462107e-07 254.8998664
57666.28700383 1.05108559641e-06 3.010871308016e-07 255.1492752
57666.29047606 1.105420407372e-06 3.767420005654e-07 150.9168101
